CACHE type 5 produced by analog 6.0/Unix. Do not modify or delete!
T	0	0	1146	1018	5	782	9814000
D	29323946	29427156
20363	245	22	2	9088
20363	247	5	1	5059
20363	248	6	2	5754
20363	252	1	1	695
20363	254	1	1	695
20364	206	1	1	11754
20364	212	1	1	11754
20364	218	1	1	11754
20364	224	1	1	11754
20364	230	1	1	11754
20364	236	1	1	11754
20364	242	1	1	11754
20364	243	4	4	47016
20364	248	2	2	23508
20364	254	1	1	11754
20364	256	1	1	11754
20364	260	1	1	11754
20364	266	1	1	11754
20364	272	1	1	11754
20364	278	1	1	11789
20364	284	1	1	11789
20365	2	1	1	11789
20365	8	1	1	11789
20365	14	1	1	11789
20365	20	1	1	11789
20365	26	1	1	11789
20365	32	1	1	11789
20365	38	1	1	11789
20365	44	1	1	11789
20365	50	1	1	11789
20365	56	1	1	11789
20365	62	1	1	11789
20365	66	7	6	82523
20365	67	1	1	11789
20365	68	15	1	1191727
20365	72	4	2	1198786
20365	74	1	1	11789
20365	77	22	2	649020
20365	80	1	1	11789
20365	86	3	2	35367
20365	92	3	2	611182
20365	95	2	2	23578
20365	98	1	1	11789
20365	104	3	2	35367
20365	110	1	1	11789
20365	116	1	1	11789
20365	118	2	1	11789
20365	122	1	1	11789
20365	128	1	1	11789
20365	134	1	1	11789
20365	140	1	1	11789
20365	146	1	1	11789
20365	152	1	1	11789
20365	158	1	1	11789
20365	164	1	1	11789
20365	170	1	1	11789
20365	174	1	1	11789
20365	176	1	1	11789
20365	182	1	1	11789
20365	187	1	1	11789
20365	188	1	1	11789
20365	194	1	1	11789
20365	198	4	2	1198786
20365	200	1	1	11809
20365	206	1	1	11800
20365	212	1	1	11809
20365	218	1	1	11809
20365	224	1	1	11809
20365	230	1	1	11809
20365	236	1	1	11809
20365	242	1	1	11809
20365	248	1	1	11809
20365	254	1	1	11809
20365	260	1	1	11809
20365	265	17	1	587083
20365	266	1	1	11809
20365	272	1	1	11809
20365	278	1	1	11809
20365	284	1	1	11809
20366	2	1	1	11809
20366	8	1	1	11809
20366	14	1	1	11809
20366	20	1	1	11809
20366	26	1	1	11809
20366	32	1	1	11809
20366	39	1	1	11809
20366	44	1	1	11809
20366	50	1	1	11809
20366	56	1	1	11809
20366	62	1	1	11809
20366	68	1	1	11809
20366	74	1	1	11809
20366	80	1	1	11809
20366	86	1	1	11809
20366	92	1	1	11809
20366	98	1	1	11809
20366	104	1	1	11809
20366	110	1	1	11809
20366	112	2	1	11809
20366	116	1	1	11809
20366	122	1	1	11809
20366	128	1	1	11809
20366	134	1	1	11809
20366	140	1	1	11809
20366	146	1	1	11814
20366	152	1	1	11814
20366	158	1	1	11814
20366	164	1	1	11814
20366	170	1	1	11814
20366	176	1	1	11814
20366	182	1	1	11814
20366	186	4	0	225324
20366	188	1	1	11814
20366	194	1	1	11814
20366	200	1	1	2399
20366	206	1	1	2696
20366	212	1	1	2696
20366	218	1	1	2696
20366	224	1	1	2696
20366	228	1	1	2696
20366	230	1	1	2706
20366	236	1	1	2706
20366	242	1	1	2772
20366	248	1	1	2772
20366	254	1	1	2772
20366	260	1	1	2772
20366	266	1	1	2772
20366	272	1	1	2772
20366	278	1	1	2772
20366	284	1	1	2772
20367	2	1	1	2772
20367	8	1	1	2772
20367	14	1	1	2772
20367	20	1	1	2772
20367	26	1	1	2772
20367	32	1	1	2772
20367	39	1	1	2772
20367	43	1	1	2524
20367	44	1	1	2772
20367	50	1	1	2772
20367	56	1	1	2772
20367	62	1	1	2772
20367	68	1	1	2772
20367	74	1	1	2772
20367	80	1	1	2772
20367	86	1	1	2772
20367	92	1	1	2772
20367	98	1	1	2772
20367	104	1	1	2772
20367	110	1	1	2772
20367	116	1	1	2772
20367	122	1	1	2772
20367	128	1	1	2772
20367	134	1	1	2772
20367	140	1	1	2772
20367	146	1	1	2772
20367	152	1	1	2772
20367	158	1	1	2772
20367	164	1	1	2772
20367	170	1	1	2772
20367	176	1	1	2772
20367	182	1	1	2772
20367	188	1	1	2772
20367	194	1	1	2772
20367	200	1	1	2772
20367	206	1	1	2772
20367	212	1	1	2772
20367	218	1	1	2772
20367	224	1	1	2772
20367	230	1	1	2772
20367	236	1	1	2772
20367	242	1	1	2772
20367	248	1	1	2772
20367	254	1	1	2772
20367	260	1	1	2772
20367	266	1	1	2772
20367	272	1	1	2772
20367	278	1	1	2772
20367	284	1	1	2772
20368	2	1	1	2772
20368	8	1	1	2772
20368	14	1	1	2772
20368	20	1	1	2772
20368	26	1	1	2772
20368	32	1	1	2772
20368	39	1	1	2772
20368	44	1	1	2772
20368	50	1	1	2772
20368	56	1	1	2772
20368	62	1	1	2772
20368	68	1	1	2772
20368	74	1	1	2772
20368	80	1	1	2772
20368	86	1	1	2772
20368	92	2	2	5544
20368	98	1	1	2772
20368	104	1	1	2772
20368	110	1	1	2772
20368	116	1	1	2772
20368	122	1	1	2772
20368	128	1	1	2772
20368	134	1	1	2772
20368	140	1	1	2772
20368	146	1	1	2772
20368	152	1	1	2772
20368	158	1	1	2772
20368	164	1	1	2772
20368	170	1	1	2772
20368	176	1	1	2772
20368	182	1	1	2772
20368	188	1	1	2772
20368	194	1	1	2772
20368	200	1	1	2772
20368	206	1	1	2772
20368	212	1	1	2772
20368	218	1	1	2772
20368	224	1	1	2772
20368	230	1	1	2772
20368	236	1	1	2772
20368	242	1	1	2772
20368	248	1	1	2772
20368	254	1	1	2772
20368	260	1	1	2772
20368	266	1	1	2772
20368	272	1	1	2772
20368	278	1	1	2772
20368	284	1	1	2772
20369	2	1	1	2772
20369	8	1	1	2772
20369	14	1	1	2772
20369	20	1	1	2772
20369	26	1	1	2772
20369	32	1	1	2772
20369	38	1	1	2772
20369	44	1	1	2772
20369	50	1	1	2772
20369	56	1	1	2772
20369	62	1	1	2772
20369	68	1	1	2772
20369	74	1	1	2772
20369	80	1	1	2772
20369	86	1	1	2772
20369	92	1	1	2772
20369	98	1	1	2772
20369	104	1	1	2772
20369	110	1	1	2772
20369	116	1	1	2772
20369	122	1	1	2772
20369	128	1	1	2772
20369	134	1	1	2772
20369	140	1	1	2772
20369	146	1	1	2772
20369	152	1	1	2772
20369	158	1	1	2772
20369	164	1	1	2772
20369	170	1	1	2772
20369	176	1	1	2772
20369	182	1	1	2772
20369	188	1	1	2772
20369	189	1	0	3036
20369	194	1	1	2772
20369	200	1	1	2772
20369	206	1	1	2772
20369	212	1	1	2772
20369	218	1	1	2772
20369	224	1	1	2772
20369	230	1	1	2772
20369	236	1	1	2772
20369	242	1	1	2772
20369	248	1	1	2772
20369	254	1	1	2772
20369	260	1	1	2772
20369	266	1	1	2772
20369	272	1	1	2772
20369	278	1	1	2772
20369	284	1	1	2772
20370	2	1	1	2772
20370	8	1	1	2772
20370	14	1	1	2772
20370	20	1	1	2772
20370	26	1	1	2772
20370	32	1	1	2772
20370	39	1	1	2772
20370	44	1	1	2772
20370	50	1	1	2772
20370	56	1	1	2772
20370	62	1	1	2772
20370	68	1	1	2772
20370	74	1	1	2772
20370	80	1	1	2772
20370	86	1	1	2772
20370	92	1	1	2772
20370	98	1	1	2772
20370	104	1	1	2772
20370	110	1	1	2772
20370	116	1	1	2772
20370	122	1	1	2772
20370	128	1	1	2772
20370	134	1	1	2772
20370	140	1	1	2772
20370	146	1	1	2772
20370	147	1	1	2524
20370	152	1	1	2772
20370	158	1	1	2772
20370	164	1	1	2772
20370	170	1	1	2772
20370	176	1	1	2772
20370	182	1	1	2772
20370	188	1	1	2772
20370	194	1	1	2772
20370	200	1	1	2772
20370	206	1	1	2772
20370	213	1	1	2772
20370	219	1	1	2772
20370	224	1	1	2772
20370	231	1	1	2772
20370	237	1	1	2772
20370	243	1	1	2772
20370	249	1	1	2772
20370	255	1	1	2772
20370	261	1	1	2772
20370	267	1	1	2772
20370	271	1	1	2772
20370	273	1	1	2772
20370	279	1	1	2772
20370	285	1	1	2772
20371	3	1	1	2772
20371	9	1	1	2772
20371	15	1	1	2772
20371	21	1	1	2772
20371	27	1	1	2772
20371	33	1	1	2772
20371	39	1	1	2772
20371	45	1	1	2772
20371	51	1	1	2772
20371	57	1	1	2772
20371	63	1	1	2772
20371	69	1	1	2772
20371	75	1	1	2772
20371	81	1	1	2772
20371	87	1	1	2772
20371	93	1	1	2772
20371	99	1	1	2772
20371	105	1	1	2772
20371	111	1	1	2772
20371	117	1	1	2772
20371	123	1	1	2772
20371	129	1	1	2772
20371	135	1	1	2772
20371	141	1	1	2772
20371	147	1	1	2772
20371	153	1	1	2772
20371	159	1	1	2772
20371	165	1	1	2772
20371	171	1	1	2772
20371	177	1	1	2772
20371	183	1	1	2772
20371	189	1	1	2772
20371	195	1	1	2772
20371	201	1	1	2772
20371	207	1	1	2772
20371	213	1	1	2772
20371	219	1	1	2772
20371	225	1	1	2772
20371	231	1	1	2772
20371	237	1	1	2772
20371	243	1	1	2772
20371	249	1	1	2772
20371	255	1	1	2772
20371	261	1	1	2772
20371	267	1	1	2772
20371	273	1	1	2772
20371	279	1	1	2772
20371	283	1	1	2772
20371	285	1	1	2772
20372	3	1	1	2772
20372	9	1	1	2772
20372	15	1	1	2772
20372	21	1	1	2772
20372	27	1	1	2772
20372	33	1	1	2772
20372	39	1	1	2772
20372	45	1	1	2772
20372	51	1	1	2772
20372	57	1	1	2772
20372	63	1	1	2772
20372	69	1	1	2772
20372	75	1	1	2772
20372	76	1	1	2524
20372	81	1	1	2772
20372	87	1	1	2772
20372	93	1	1	2772
20372	99	1	1	2772
20372	105	1	1	2772
20372	111	1	1	2772
20372	117	1	1	2772
20372	123	1	1	2772
20372	129	1	1	2772
20372	135	1	1	2772
20372	141	1	1	2772
20372	147	1	1	2772
20372	153	1	1	2772
20372	156	1	1	2772
20372	159	1	1	2772
20372	165	1	1	2772
20372	171	1	1	2772
20372	177	1	1	2772
20372	183	1	1	2772
20372	189	1	1	2772
20372	195	1	1	2772
20372	201	1	1	2772
20372	207	1	1	2772
20372	213	1	1	2772
20372	219	1	1	2772
20372	225	1	1	2772
20372	231	1	1	2772
20372	237	1	1	2772
20372	243	1	1	2772
20372	249	1	1	2772
20372	255	1	1	2772
20372	261	1	1	2772
20372	265	2	2	5296
20372	267	1	1	2772
20372	273	1	1	2772
20372	279	1	1	2772
20372	285	1	1	2772
20373	3	1	1	2772
20373	9	1	1	2772
20373	15	1	1	2772
20373	21	1	1	2772
20373	27	1	1	2772
20373	33	1	1	2772
20373	39	1	1	2772
20373	45	1	1	2772
20373	51	1	1	2772
20373	57	1	1	2772
20373	63	1	1	2772
20373	69	1	1	2772
20373	75	1	1	2772
20373	81	1	1	2772
20373	87	1	1	2772
20373	93	1	1	2772
20373	99	4	4	11088
20373	105	1	1	2772
20373	111	1	1	2772
20373	117	1	1	2772
20373	123	1	1	2772
20373	129	1	1	2772
20373	135	1	1	2772
20373	141	1	1	2772
20373	144	1	1	2772
20373	147	1	1	2772
20373	153	1	1	2772
20373	159	1	1	2772
20373	165	1	1	2772
20373	171	1	1	2772
20373	177	1	1	2772
20373	183	1	1	2772
20373	189	1	1	2772
20373	195	1	1	2772
20373	201	1	1	2772
20373	207	1	1	2772
20373	213	1	1	2772
20373	219	1	1	2772
20373	225	1	1	2772
20373	231	1	1	2772
20373	237	1	1	2772
20373	243	1	1	2772
20373	249	1	1	2772
20373	255	1	1	2772
20373	261	1	1	2772
20373	267	1	1	2772
20373	273	1	1	2772
20373	279	1	1	2772
20373	285	1	1	2772
20374	3	1	1	2772
20374	9	1	1	2772
20374	10	1	1	11447
20374	15	1	1	2772
20374	19	4	3	15454
20374	20	4	3	26050
20374	21	1	1	2772
20374	27	1	1	2772
20374	33	1	1	2772
20374	39	1	1	2772
20374	45	1	1	2772
20374	51	1	1	2772
20374	57	1	1	2772
20374	63	1	1	2772
20374	69	1	1	2772
20374	75	1	1	2772
20374	81	1	1	2772
20374	87	1	1	2772
20374	93	1	1	2772
20374	99	1	1	2772
20374	105	1	1	2772
20374	111	1	1	2772
20374	117	1	1	2772
20374	123	1	1	2772
20374	129	1	1	2772
20374	130	3	3	8316
20374	132	1	1	2772
20374	135	1	1	2772
20374	141	1	1	2772
20374	147	1	1	2772
20374	153	1	1	2772
20374	159	1	1	2772
20374	165	1	1	2772
20374	171	1	1	2772
20374	177	1	1	2772
20374	183	1	1	2772
20374	189	1	1	2772
20374	195	1	1	2772
20374	201	1	1	2772
20374	207	1	1	2772
20374	213	1	1	2772
20374	219	1	1	2772
20374	225	1	1	2772
20374	231	1	1	2772
20374	237	1	1	2772
20374	243	1	1	2772
20374	249	1	1	2772
20374	255	1	1	2772
20374	261	1	1	2772
20374	267	1	1	2772
20374	270	1	1	2772
20374	273	1	1	2772
20374	279	1	1	2772
20374	285	1	1	2772
20375	3	1	1	2772
20375	9	2	2	9353
20375	15	1	1	2772
20375	21	1	1	2772
20375	27	1	1	2772
20375	33	1	1	2772
20375	42	1	1	2772
20375	45	1	1	2772
20375	51	1	1	2772
20375	57	1	1	2772
20375	63	1	1	2772
20375	65	1	1	11447
20375	69	1	1	2772
20375	75	1	1	2772
20375	81	1	1	2772
20375	87	1	1	2772
20375	93	1	1	2772
20375	99	1	1	2772
20375	105	1	1	2772
20375	111	1	1	2772
20375	117	1	1	2772
20375	123	1	1	2772
20375	129	1	1	2772
20375	135	1	1	2772
20375	141	1	1	2772
20375	147	1	1	2772
20375	153	1	1	2772
20375	159	1	1	2772
20375	165	1	1	2772
20375	171	1	1	2772
20375	177	1	1	2772
20375	183	1	1	2772
20375	189	1	1	2772
20375	195	1	1	2772
20375	199	1	1	2772
20375	201	1	1	2772
20375	207	1	1	2772
20375	213	1	1	2772
20375	219	1	1	2772
20375	225	1	1	2772
20375	231	1	1	2772
20375	237	1	1	2772
20375	243	1	1	2772
20375	249	1	1	2772
20375	255	1	1	2772
20375	259	1	1	2772
20375	261	1	1	2772
20375	265	1	1	2772
20375	267	1	1	2772
20375	273	1	1	2772
20375	279	1	1	2772
20375	282	1	1	11447
20375	285	1	1	2772
20376	2	1	1	2524
20376	3	1	1	2772
20376	9	1	1	2772
20376	15	1	1	2772
20376	21	1	1	2772
20376	27	1	1	2772
20376	33	1	1	2772
20376	41	1	1	2772
20376	45	1	1	2772
20376	51	1	1	2772
20376	57	1	1	2772
20376	63	1	1	2772
20376	69	1	1	2772
20376	75	1	1	2772
20376	81	1	1	2772
20376	87	1	1	2772
20376	93	1	1	2772
20376	99	1	1	2772
20376	105	1	1	2772
20376	111	1	1	2772
20376	117	1	1	2772
20376	123	1	1	2772
20376	129	1	1	2772
20376	135	1	1	2772
20376	141	1	1	2772
20376	147	1	1	2772
20376	153	1	1	2772
20376	157	1	1	2772
20376	159	1	1	2772
20376	165	1	1	2772
20376	171	1	1	2772
20376	177	1	1	2772
20376	183	1	1	2772
20376	189	1	1	2772
20376	195	1	1	2772
20376	196	1	1	2524
20376	201	1	1	2772
20376	202	3	3	8316
20376	207	1	1	2772
20376	213	1	1	2772
20376	219	1	1	2772
20376	225	1	1	2772
20376	231	1	1	2772
20376	237	1	1	2772
20376	243	1	1	2772
20376	244	1	1	2772
20376	249	1	1	2772
20376	255	1	1	2772
20376	261	1	1	2772
20376	267	1	1	2772
20376	273	1	1	2772
20376	279	1	1	2772
20376	285	1	1	2772
20377	3	1	1	2772
20377	9	1	1	2772
20377	15	1	1	2772
20377	21	1	1	2772
20377	27	1	1	2772
20377	33	1	1	2772
20377	41	1	1	2772
20377	45	1	1	2772
20377	51	1	1	2772
20377	57	1	1	2772
20377	63	1	1	2772
20377	69	1	1	2772
20377	75	1	1	2772
20377	78	7	2	21365
20377	81	1	1	2772
20377	87	1	1	2772
20377	93	1	1	2772
20377	99	1	1	2772
20377	105	1	1	2772
20377	111	1	1	2772
20377	117	1	1	2772
20377	123	1	1	2772
20377	129	1	1	2772
20377	135	1	1	2772
20377	141	1	1	2772
20377	147	1	1	2772
20377	153	1	1	2772
20377	159	1	1	2772
20377	165	1	1	2772
20377	171	1	1	2772
20377	177	1	1	2772
20377	183	1	1	2772
20377	189	1	1	2772
20377	195	1	1	2772
20377	201	1	1	2772
20377	207	1	1	2772
20377	213	1	1	2772
20377	219	1	1	2772
20377	225	1	1	2772
20377	231	1	1	2772
20377	237	1	1	2772
20377	243	1	1	2772
20377	249	1	1	2772
20377	255	1	1	2772
20377	261	1	1	2772
20377	267	1	1	2772
20377	273	1	1	2772
20377	279	1	1	2772
20377	285	1	1	2772
20378	3	1	1	2772
20378	9	1	1	2772
20378	15	1	1	2772
20378	21	1	1	2772
20378	27	1	1	2772
20378	33	1	1	2772
20378	40	1	1	2772
20378	45	1	1	2772
20378	51	1	1	2772
20378	57	1	1	2772
20378	63	1	1	2772
20378	69	1	1	2772
20378	75	1	1	2772
20378	81	1	1	2772
20378	87	1	1	2772
20378	93	1	1	2772
20378	99	1	1	2772
20378	105	1	1	2772
20378	111	1	1	2772
20378	117	1	1	2772
20378	123	1	1	2772
20378	129	1	1	2772
20378	134	1	1	2524
20378	135	1	1	2772
20378	141	1	1	2772
20378	147	1	1	2772
20378	149	1	0	3035
20378	153	1	1	2772
20378	159	1	1	2772
20378	165	1	1	2772
20378	171	1	1	2772
20378	177	1	1	2772
20378	183	1	1	2772
20378	189	1	1	2772
20378	195	1	1	2772
20378	201	1	1	2772
20378	207	1	1	2772
20378	213	1	1	2772
20378	219	1	1	2772
20378	225	1	1	2772
20378	231	1	1	2772
20378	237	1	1	2772
20378	243	1	1	2772
20378	249	1	1	2772
20378	255	1	1	2772
20378	261	1	1	2772
20378	267	1	1	2772
20378	273	1	1	2772
20378	279	1	1	2772
20378	285	1	1	2772
20379	3	1	1	2772
20379	9	1	1	2772
20379	15	1	1	2772
20379	21	1	1	2772
20379	27	1	1	2772
20379	33	1	1	2772
20379	40	1	1	2772
20379	45	1	1	2772
20379	51	1	1	2772
20379	57	1	1	2772
20379	63	1	1	2772
20379	81	5	1	9012
20379	200	1	1	2772
20379	277	2	2	5048
20379	280	1	1	2524
20380	64	1	1	2772
20380	76	1	1	11447
20382	200	1	1	2772
20382	269	1	1	11447
20383	20	1	1	11447
20383	116	1	1	2772
20384	100	1	1	2772
20384	263	2	2	5048
20385	146	1	1	2772
20385	148	1	1	2772
20385	149	1	1	2772
20385	181	1	1	2524
20386	14	1	1	2524
20386	151	1	0	3037
20386	188	1	1	2524
20386	241	1	1	2524
20387	220	1	1	2772
20387	265	1	1	2524
20388	41	3	3	7572
20388	163	1	1	2524
20389	9	1	1	2772
20389	14	1	1	2772
20389	15	2	2	5544
20389	66	1	1	2772
20389	82	1	1	2772
20389	84	1	0	3435
20389	86	1	0	3427
20390	236	1	1	2772
20392	199	1	1	2524
20392	261	1	1	2524
20393	23	1	1	2772
20393	44	1	1	2772
20393	166	1	1	2524
20393	173	2	1	5560
20393	270	1	1	11447
20394	1	1	1	2524
20394	8	2	2	5048
20394	58	1	1	2772
20394	125	1	1	2772
20395	5	2	2	2772
20395	8	2	2	22894
20395	15	2	2	22894
20395	27	2	2	2772
20395	116	1	1	2772
20395	161	1	1	2772
20395	176	1	1	2772
20395	179	1	1	2772
20395	187	1	1	11447
20395	212	1	1	2772
20395	217	1	1	2772
20396	5	1	1	2524
20396	75	1	1	2524
20396	105	1	1	2772
20396	156	1	1	2772
20396	232	1	1	2772
20396	233	1	1	2772
20396	237	1	1	2772
20396	243	1	1	2772
20396	283	1	0	3036
20397	51	1	1	2524
20397	125	1	1	2772
20397	253	1	1	2524
20397	261	46	46	116104
20398	72	1	0	3034
20398	94	1	1	2772
20398	102	1	1	2772
20398	110	1	1	11447
20399	96	1	1	2772
20399	167	1	1	2772
20399	189	1	1	2772
20400	50	2	2	22894
20400	71	1	1	2772
20400	78	2	2	5544
20400	98	1	1	2772
20400	99	1	1	2772
20400	120	1	1	2772
20400	236	1	1	2524
20401	116	1	1	2772
20401	247	1	1	2772
20402	53	2	2	5544
20402	112	1	1	11447
20402	228	1	1	11447
20402	265	1	1	2524
20403	117	1	1	2524
20403	206	1	1	2772
20404	145	1	1	2524
20405	39	1	1	2772
20405	56	1	1	2524
20405	111	1	1	2772
20406	229	1	1	2772
20408	25	1	1	2524
20408	63	1	1	2772
20408	146	1	1	11447
20408	181	1	1	2772
20408	263	1	1	2524
20409	163	1	1	2524
20409	170	1	1	2772
20409	196	1	1	2772
20409	213	1	1	2772
20409	216	1	1	2772
20409	220	1	1	2772
20409	252	1	1	2772
20409	259	1	0	3436
20409	266	1	1	2772
20409	273	2	2	5048
20410	7	1	1	2772
20410	57	2	2	5544
20411	159	2	2	22894
20412	72	2	2	5544
20412	117	1	1	2772
20413	44	1	1	2772
20413	61	1	1	2524
20413	247	1	1	2772
20414	248	1	1	2772
20415	178	1	1	2524
20415	215	1	1	2772
20416	1	1	1	2772
20416	275	1	1	2524
20417	14	1	1	2772
20417	183	1	1	2524
20418	160	1	1	2772
20418	164	1	1	2524
20419	18	1	1	2524
20419	84	1	1	2524
20419	261	1	1	2772
20420	174	1	1	2772
20421	45	1	1	2524
20421	97	1	1	2524
20421	217	2	2	5048
20421	282	1	1	2524
20422	36	1	1	2524
20422	85	1	1	2772
20422	130	1	1	2524
20422	132	1	1	2772
20422	145	1	1	0
20422	190	1	1	2524
20422	277	1	1	2524
20423	142	2	2	14219
20423	190	1	1	2524
20424	226	14	0	1011
20425	178	1	1	2772
20425	183	1	1	2772
20425	205	1	1	2524
20425	223	1	1	2772
20425	255	1	1	2772
20426	37	1	1	2772
20426	101	1	1	2524
20426	110	1	1	2772
20428	15	2	2	5048
20428	100	1	1	2772
20428	159	1	1	2772
20429	76	2	2	22894
20429	116	1	1	2524
20429	160	1	1	2524
20429	166	1	1	2772
20430	13	1	1	2524
20430	20	1	1	2524
20430	173	1	1	2772
20430	184	1	1	2772
20430	233	1	1	2772
20431	9	1	1	2524
20431	103	1	0	3035
20431	196	1	1	2772
20431	213	1	1	2524
20431	227	1	1	2772
20432	43	3	2	31261
20432	95	1	1	2772
20432	116	1	1	2524
20432	176	3	3	34341
20433	79	1	1	2524
20433	219	1	1	2524
20434	15	1	1	2772
20434	58	1	1	2772
20434	122	1	1	2524
20434	284	3	3	7572
20435	11	1	1	0
1	0	0	0	1	0	0	29422962	0	0	29422962	0	/wp/wp-includes/wlwmanifest.xml
1	0	0	0	3	0	0	29372988	0	0	29372988	0	/api/currency/quotation_new
1	2	0	0	0	29326929	0	0	29325986	0	0	1145	/api/data.php?endpoint=platformSettings
1	0	0	0	1	0	0	29372988	0	0	29372988	0	/index/login/getWays
1	0	0	0	1	0	0	29372988	0	0	29372988	0	/dock/system/config/get
1	0	0	0	2	0	0	29372988	0	0	29372988	0	/config.js
1	0	0	0	1	0	0	29372988	0	0	29372988	0	/service
1	0	0	0	1	0	0	29372988	0	0	29372988	0	/index/index/service
1	0	0	0	1	0	0	29372988	0	0	29372988	0	/Pay/index.php
1	0	0	0	1	0	0	29372988	0	0	29372988	0	/static/js/main.js
1	1	1	0	0	29339221	0	0	29339221	0	0	2772	/?feed=rss2
1	0	0	0	6	0	0	29358929	0	0	29354278	0	/login/
1	0	0	0	1	0	0	29372988	0	0	29372988	0	/getGoogleKey
1	0	0	0	1	0	0	29372988	0	0	29372988	0	/apicom/news/zijinliu
1	0	0	0	4	0	0	29397383	0	0	29349099	0	/wp-content/uploads/2015/10/ponturi-fotbal.jpg
1	0	0	0	1	0	0	29372988	0	0	29372988	0	/static/theme/landrick/js/counter.init.js
1	0	0	0	1	0	0	29372988	0	0	29372988	0	/market/coinList
1	0	0	0	1	0	0	29372988	0	0	29372988	0	/api/common/init
1	0	0	0	1	0	0	29372988	0	0	29372988	0	/api/v1/product/category
1	0	0	0	1	0	0	29372988	0	0	29372988	0	/static/wap/css/trade-history.css
1	0	0	0	1	0	0	29372988	0	0	29372988	0	/api/riskConfig/getRiskConfigMap
1	0	0	0	1	0	0	29372988	0	0	29372988	0	/pc/js/bootstrap.min.js
1	0	0	0	1	0	0	29372988	0	0	29372988	0	/bapi/api/user/getUserInfo
1	0	0	0	1	0	0	29372988	0	0	29372988	0	/index/index/qingsuan
1	0	0	0	1	0	0	29372988	0	0	29372988	0	/api/menu?lang=
1	0	0	0	1	0	0	29372988	0	0	29372988	0	/api/bank/index
1	0	0	0	1	0	0	29372988	0	0	29372988	0	/static/images/my/my-sh.png
1	1	0	0	0	29326929	0	0	29326929	0	0	0	/assets/index.css
1	0	0	0	1	0	0	29372988	0	0	29372988	0	/main/config/getInitData
1	0	0	0	1	0	0	29372988	0	0	29372988	0	/mobile/user/getImgCodeCal
1	0	0	0	1	0	0	29372988	0	0	29372988	0	/v1/common/exploreFindConfig
1	0	0	0	1	0	0	29372988	0	0	29372988	0	/static/user/1.png
1	0	0	0	1	0	0	29372988	0	0	29372988	0	/static/index/Index.js
1	0	0	0	1	0	0	29372988	0	0	29372988	0	/static/wap/bjscDetails.html
1	1	0	0	0	29411690	0	0	29411690	0	0	64	/.well-known/acme-challenge/ZKFFQ0IOXZRTKFM01H-3E0TZZCIF4R36
1	1	1	0	0	29338657	0	0	29338657	0	0	2427	/login.html
1	0	0	0	1	0	0	29372988	0	0	29372988	0	/js/room.js
1	0	0	0	1	0	0	29372988	0	0	29372988	0	/api/v1/game/last_issue
1	0	0	0	1	0	0	29372988	0	0	29372988	0	/api/app/exchange/getMarketList
1	0	0	0	1	0	0	29372988	0	0	29372988	0	/api/msulow/getbuydownstatus
1	0	0	0	1	0	0	29372988	0	0	29372988	0	/api/api/publicRealtimeByType
1	0	0	0	1	0	0	29372988	0	0	29372988	0	/assets/layui/resuser/room.js
1	0	0	0	1	0	0	29372988	0	0	29372988	0	/c/auth/vCode
1	0	0	0	1	0	0	29372988	0	0	29372988	0	/api/configs
1	0	0	0	1	0	0	29372988	0	0	29372988	0	/_data/config/config/get
1	0	0	0	1	0	0	29372988	0	0	29372988	0	/apii/home/user/zs
1	0	0	0	1	0	0	29372988	0	0	29372988	0	/live/getRealIP
1	0	0	0	1	0	0	29372988	0	0	29372988	0	/resources/main/common.js
1	0	0	0	1	0	0	29372988	0	0	29372988	0	/vendor/dujiaoka-admin/images/logo.jpg
1	0	0	0	3	0	0	29369031	0	0	29369031	0	/wp-content/uploads/2015/11/Fullscreen-capture-1162015-11500-PM.jpg
1	0	0	0	1	0	0	29372988	0	0	29372988	0	/x_mch/src/views/user/login.html?v=1.0.0
1	0	0	0	1	0	0	29372988	0	0	29372988	0	/user/api/site/info
1	0	0	0	1	0	0	29372988	0	0	29372988	0	/api/index/room
1	0	0	0	1	0	0	29372988	0	0	29372988	0	/api/ask/jj
1	0	0	0	1	0	0	29372988	0	0	29372988	0	/static/img/homeqiquanicon.png
1	0	0	0	1	0	0	29372988	0	0	29372988	0	/static/js/index.8ec8c5b7.js
1	0	0	0	1	0	0	29372988	0	0	29372988	0	/index/index/cx
1	0	0	0	1	0	0	29390028	0	0	29390028	0	/wordpress/
1	0	0	0	1	0	0	29372988	0	0	29372988	0	/game-api/getVersion/3/1
1	0	0	0	1	0	0	29372988	0	0	29372988	0	/api/xin1.php
1	0	0	0	1	0	0	29372988	0	0	29372988	0	/api/yy2/pay?order_sn=
1	0	0	0	1	0	0	29372988	0	0	29372988	0	/images/web/xiao_logo.png
1	0	0	0	1	0	0	29372988	0	0	29372988	0	/admin/event/uploadfile
1	0	0	0	1	0	0	29372988	0	0	29372988	0	/v1/common/visitor/getAgentStatus.do?deviceType=computer&appId=-1&dialogType=link&source=
1	0	0	0	1	0	0	29372988	0	0	29372988	0	/api/web/v1/site/staticData
1	1	0	0	0	29323946	0	0	29323946	0	0	64	/.well-known/acme-challenge/ERC1Q2OX0-GI5T7I-SL78OJN8RCMRV1I
1	3	3	0	0	29332274	0	0	29326512	0	0	17333	/?17.246.23.105
1	2	0	0	0	29326929	0	0	29325986	0	0	1129	/api/data.php?endpoint=bets
1	0	0	0	1	0	0	29372988	0	0	29372988	0	/api/v1/company/typeList
1	0	0	0	1	0	0	29372988	0	0	29372988	0	/static/js/news.js
1	0	0	0	1	0	0	29372988	0	0	29372988	0	/dist/js/regist.js
1	0	0	0	1	0	0	29372988	0	0	29372988	0	/App/config
1	0	0	0	1	0	0	29372988	0	0	29372988	0	/static/config.js
1	0	0	0	1	0	0	29372988	0	0	29372988	0	/img/footer/subscribe.jpg
1	0	0	0	1	0	0	29372988	0	0	29372988	0	/User/Reg/
1	0	0	0	1	0	0	29372988	0	0	29372988	0	/static/img/home_bj@3x.e2c01e07.png
1	0	0	0	1	0	0	29422962	0	0	29422962	0	/wp1/wp-includes/wlwmanifest.xml
1	0	0	0	1	0	0	29422962	0	0	29422962	0	/site/wp-includes/wlwmanifest.xml
1	0	0	0	1	0	0	29372988	0	0	29372988	0	/wap/reportExample.shtml
1	0	0	0	1	0	0	29372988	0	0	29372988	0	/js/preload/example.txt
1	0	0	0	1	0	0	29372988	0	0	29372988	0	/static/mobile/imgn/winer_ico.png
1	0	0	0	1	0	0	29422962	0	0	29422962	0	/2019/wp-includes/wlwmanifest.xml
1	4	0	0	0	29326929	0	0	29325940	0	0	1244	/api/data.php?endpoint=announcements
1	0	0	0	1	0	0	29372988	0	0	29372988	0	/api.php/index/getKefu
1	0	0	0	1	0	0	29372988	0	0	29372988	0	/api/system/info
1	0	0	0	1	0	0	29372988	0	0	29372988	0	/text_config.js
1	0	0	0	1	0	0	29372988	0	0	29372988	0	/Public/Wap/jinrong/Mobile/Public/js/drawsvg.js
1	0	0	0	1	0	0	29372988	0	0	29372988	0	/assets/index/css/NewSign.css
1	0	0	0	1	0	0	29372988	0	0	29372988	0	/jiesuan.html
1	2	0	0	0	29326929	0	0	29325986	0	0	676	/api/data.php?endpoint=investmentAlerts
1	0	0	0	1	0	0	29372988	0	0	29372988	0	/api/Common/download_app
1	0	0	0	1	0	0	29372988	0	0	29372988	0	/dist/images/mask/colsed.png
1	0	0	0	1	0	0	29372988	0	0	29372988	0	/static/footer/hang1.png
1	4	0	0	0	29326929	0	0	29325940	0	0	681	/api/data.php?endpoint=globalStats
1	0	0	0	1	0	0	29372988	0	0	29372988	0	/home/login/login_index.html
1	0	0	0	1	0	0	29372988	0	0	29372988	0	/static/public/bp_about_4.jpg
1	0	0	0	1	0	0	29372988	0	0	29372988	0	/api/wallet/getUsdt
1	4	0	0	0	29327600	0	0	29325986	0	0	0	/assets/favicon-B_SY1GJM.svg
1	0	0	0	1	0	0	29372988	0	0	29372988	0	/api/channel/channelList
1	1	0	0	0	29411690	0	0	29411690	0	0	64	/.well-known/acme-challenge/5C9QIU300ZXHI-XPYT_ZFH4CRWD9FF8K
1	0	0	0	1	0	0	29372988	0	0	29372988	0	/static/assets/js/cms.js
1	0	0	0	1	0	0	29372988	0	0	29372988	0	/photo/index.asp
1	9	0	0	0	29326929	0	0	29325940	0	0	5260876	/assets/index-DF-gOw39.js
1	0	0	0	1	0	0	29372988	0	0	29372988	0	/contract/info/1
1	0	0	0	1	0	0	29372988	0	0	29372988	0	/t100/icon-service.svg
1	0	0	0	1	0	0	29372988	0	0	29372988	0	/static/n-td.png
1	0	0	0	1	0	0	29372988	0	0	29372988	0	/api/ipa/download_app_info
1	0	0	0	1	0	0	29372988	0	0	29372988	0	/static/web_client/js/yuv.js
1	1	0	0	0	29323946	0	0	29323946	0	0	64	/.well-known/acme-challenge/EI0VG4QA1B9C_OB1VDY4URW2MG3ARQFY
1	0	0	0	1	0	0	29372988	0	0	29372988	0	/api/site/getInfo.do
1	0	0	0	1	0	0	29343272	0	0	29343272	0	/v1/dashboard-investitor.html
1	0	0	0	1	0	0	29372988	0	0	29372988	0	/static/splash.png
1	0	0	0	1	0	0	29372988	0	0	29372988	0	/images/irnTokenLogo.png
1	0	0	0	1	0	0	29422962	0	0	29422962	0	/wp-includes/wlwmanifest.xml
1	0	0	0	1	0	0	29372988	0	0	29372988	0	/api/home/country/list
1	0	0	0	1	0	0	29372988	0	0	29372988	0	/static/js/xiaoyewl.js
1	4	0	0	0	29323960	0	0	29323948	0	0	1420	/_autoindex/assets/js/tablesort.number.js
1	2	0	0	1	29326120	0	29366787	29325987	0	29366787	22941	/ads.txt
1	0	0	0	1	0	0	29372988	0	0	29372988	0	/assets/yibao/Nweshebao/img/logo.png
1	0	0	0	1	0	0	29372988	0	0	29372988	0	/api/uploads/getappconfig?_ajax=1
1	0	0	0	11	0	0	29425980	0	0	29398491	0	/robots.txt?69.63.184.36
1	0	0	0	1	0	0	29372988	0	0	29372988	0	/configstatic/h5/control/control.js?v=0.1.8
1	1	0	0	0	29325987	0	0	29325987	0	0	11152	/app-ads.txt
1	0	0	0	1	0	0	29372988	0	0	29372988	0	/Template/admin/resources/admin/js/learunui-framework.js
1	0	0	0	1	0	0	29372988	0	0	29372988	0	/Application/Basic/Static/css/customerselect.css
1	0	0	0	1	0	0	29372988	0	0	29372988	0	/api/census/getTitle
1	0	0	0	1	0	0	29372988	0	0	29372988	0	/Public/Home/css/revise.css
1	0	0	0	1	0	0	29372988	0	0	29372988	0	/static/index/sign.js
1	0	0	0	1	0	0	29372988	0	0	29372988	0	/Plus/AboutUs/Images/Style.css
1	0	0	0	1	0	0	29372988	0	0	29372988	0	/Six/Js/class_12.js
1	2	2	0	0	29333536	0	0	29328695	0	0	5048	http://www.pariazainteligent.ro/
1	0	0	0	1	0	0	29372988	0	0	29372988	0	/upload_json/
1	0	0	0	2	0	0	29372988	0	0	29372988	0	/index/newapi/api
1	0	0	0	1	0	0	29372988	0	0	29372988	0	/api/vue/transaction/config
1	0	0	0	1	0	0	29374281	0	0	29374281	0	/2014/02/02/pont-2-februarie?46.228.199.158
1	0	0	0	1	0	0	29372988	0	0	29372988	0	/scripts/LoadAjaxIco.js
1	0	0	0	1	0	0	29372988	0	0	29372988	0	/backend?{"param":{"m_szUserName":"","m_szPass":"","m_strSig":"","m_strSessionID":"","m_strToken":"","m_szToken":"0"},"act":1}
1	0	0	0	1	0	0	29372988	0	0	29372988	0	/index/index/vhash
1	6	6	0	0	29422962	0	0	29405670	0	0	24811	/?69.63.184.36
1	0	0	0	1	0	0	29422962	0	0	29422962	0	/news/wp-includes/wlwmanifest.xml
1	0	0	0	1	0	0	29372988	0	0	29372988	0	/indexl.asp
1	0	0	0	1	0	0	29372988	0	0	29372988	0	/static/quickly/alipay.png
1	0	0	0	1	0	0	29372988	0	0	29372988	0	/home/user/zs
1	0	0	0	1	0	0	29372988	0	0	29372988	0	/api/index/home
1	0	0	0	1	0	0	29372988	0	0	29372988	0	/api/getconfig.aspx
1	0	0	0	1	0	0	29372988	0	0	29372988	0	/libs/wsBase.js
1	0	0	0	1	0	0	29372988	0	0	29372988	0	/views/bank/bank.html
1	0	0	0	1	0	0	29372988	0	0	29372988	0	/static/new/js/shangchuan.js
1	0	0	0	1	0	0	29372988	0	0	29372988	0	/static/index/js/yhfunction.js
1	0	0	0	1	0	0	29372988	0	0	29372988	0	/phalapi/public/docs.php
1	0	0	0	1	0	0	29372988	0	0	29372988	0	/static/fw4.png
1	0	0	0	1	0	0	29372988	0	0	29372988	0	/api/Common/uploadPic
1	0	0	0	1	0	0	29372988	0	0	29372988	0	/Public/mobile/js/config.js
1	0	0	0	2	0	0	29372988	0	0	29372988	0	/admin/appContent/bulletinNewsTicker
1	0	0	0	1	0	0	29372988	0	0	29372988	0	/assets/js/video.js?v=1.3
1	0	0	0	1	0	0	29372988	0	0	29372988	0	/api/apps/config
1	0	0	0	1	0	0	29372988	0	0	29372988	0	/public/message/findByType
1	5	0	0	0	29411690	0	0	29411690	0	0	435	/.well-known/acme-challenge/axZ4IKtevUfavhNiPjPn-0QKVFbEec5o0MYt6zyz8Oo
1	0	0	0	1	0	0	29372988	0	0	29372988	0	/api/index/logincode
1	0	0	0	1	0	0	29372988	0	0	29372988	0	/logo.png
1	0	0	0	1	0	0	29372988	0	0	29372988	0	/uploads/faces/avatar.png
1	0	0	0	1	0	0	29372988	0	0	29372988	0	/static/img/cs/cs-bg-big.jpg
1	0	0	0	1	0	0	29372988	0	0	29372988	0	/common/test
1	0	0	0	1	0	0	29372988	0	0	29372988	0	/api/Index/down
1	1	0	0	0	29323946	0	0	29323946	0	0	64	/.well-known/acme-challenge/Z7UBYVZILXM3V-R25BROH8GZ1RBZQXWZ
1	0	0	0	1	0	0	29372988	0	0	29372988	0	/static/admin/js/cvphp.js
1	0	0	0	1	0	0	29372988	0	0	29372988	0	/static/picture/a.png
1	0	0	0	1	0	0	29372988	0	0	29372988	0	/ascss/img/trade1.png
1	2	0	0	0	29326929	0	0	29325986	0	0	343	/api/data.php?endpoint=referrals
1	0	0	0	1	0	0	29372988	0	0	29372988	0	/tu/index.png
1	0	0	0	1	0	0	29372988	0	0	29372988	0	/home.jpg
1	1	0	0	0	29323946	0	0	29323946	0	0	64	/.well-known/acme-challenge/LLMFJM9R-_J-D22UT3OBQFYPW0S57Q0K
1	0	0	0	1	0	0	29372988	0	0	29372988	0	/web/nav_cart_view.aspx
1	0	0	0	1	0	0	29372988	0	0	29372988	0	/dianjianniu.js
1	0	0	0	1	0	0	29372988	0	0	29372988	0	/static/js/chunk-vendors.960bb061.js
1	0	0	0	1	0	0	29372988	0	0	29372988	0	/wap/api/syspara!getSyspara.action?code=customer_service_url&lang=cn
1	0	0	0	1	0	0	29422962	0	0	29422962	0	/shop/wp-includes/wlwmanifest.xml
1	1	0	0	0	29338657	0	0	29338657	0	0	496	/js/main-route-sync.js
1	0	0	0	1	0	0	29372988	0	0	29372988	0	/phpcms/modules/member/touzi.php
1	0	0	0	1	0	0	29372988	0	0	29372988	0	/api/prod/tag/prodTagList
1	0	0	0	1	0	0	29372988	0	0	29372988	0	/api/getagentbyip
1	4	0	0	0	29326929	0	0	29325940	0	0	1197	/api/data.php?endpoint=dailyHistory
1	0	0	0	2	0	0	29383757	0	0	29383757	0	/apple-touch-icon.png
1	0	0	0	1	0	0	29422962	0	0	29422962	0	/wp2/wp-includes/wlwmanifest.xml
1	2	2	0	0	29343271	0	0	29338658	0	0	10738	/v1/acasa.html
1	0	0	0	1	0	0	29372988	0	0	29372988	0	/api/kefu/client/get/robot-reply/main/title
1	0	0	0	1	0	0	29372988	0	0	29372988	0	/fht/js1/login1.js
1	0	0	0	1	0	0	29372988	0	0	29372988	0	/api/User/login
1	0	0	0	1	0	0	29372988	0	0	29372988	0	/Scripts/Chat
1	0	0	0	1	0	0	29372988	0	0	29372988	0	/web/im/js/register.js
1	0	0	0	1	0	0	29372988	0	0	29372988	0	/api/about/content
1	0	0	0	1	0	0	29372988	0	0	29372988	0	/static_wb2/js/main.js
1	0	0	0	1	0	0	29372988	0	0	29372988	0	/v1/app/market/home/queryKlineRiseList
1	0	0	0	1	0	0	29372988	0	0	29372988	0	/api/Lever/leverType
1	0	0	0	1	0	0	29372988	0	0	29372988	0	/apinew/index/getSlider
1	0	0	0	1	0	0	29372988	0	0	29372988	0	/api/pc/helper/terms
1	0	0	0	1	0	0	29372988	0	0	29372988	0	/cron/bet/lastKj
1	0	0	0	1	0	0	29372988	0	0	29372988	0	/api/auth/siteTitle
1	0	0	0	1	0	0	29372988	0	0	29372988	0	/index/index/register1/type/1.html
1	0	0	0	1	0	0	29372988	0	0	29372988	0	/Mg0a4/app/data.js
1	0	0	0	1	0	0	29372988	0	0	29372988	0	/mobile/caipiao/game/list/all
1	0	0	0	1	0	0	29372988	0	0	29372988	0	/api/member/systemConfig/getPCSiteConfig
1	0	0	0	1	0	0	29372988	0	0	29372988	0	/api/user/switchWeb
1	0	0	0	1	0	0	29372988	0	0	29372988	0	/api/anon/auth/vercode
1	0	0	0	1	0	0	29372988	0	0	29372988	0	/kfb.css
1	2	0	0	0	29346166	0	0	29343272	0	0	179	/api/login.php
1	0	0	0	1	0	0	29372988	0	0	29372988	0	/api/common/config
1	0	0	0	1	0	0	29372988	0	0	29372988	0	/waplogin.php
1	0	0	0	1	0	0	29372988	0	0	29372988	0	/tools/_ajax/frontSkinSetting
1	0	0	0	1	0	0	29372988	0	0	29372988	0	/Home/Get/getIndexLunshu
1	0	0	0	1	0	0	29372988	0	0	29372988	0	/shop/user/check
1	0	0	0	1	0	0	29372988	0	0	29372988	0	/api/index/webconfig
1	0	0	0	1	0	0	29372988	0	0	29372988	0	/tp/
1	5	0	0	0	29346165	0	0	29343271	0	0	339	/api/session.php
1	4	0	0	0	29326929	0	0	29325940	0	0	1861	/api/data.php?endpoint=users
1	0	0	0	1	0	0	29372988	0	0	29372988	0	/api/message/webInfo
1	0	0	0	1	0	0	29372988	0	0	29372988	0	/api/app/config
1	0	0	0	1	0	0	29372988	0	0	29372988	0	/static/favicon.ico
1	0	0	0	1	0	0	29372988	0	0	29372988	0	/checkusername
1	0	0	0	1	0	0	29372988	0	0	29372988	0	/api/v1/public/siteInfo
1	0	0	0	1	0	0	29372988	0	0	29372988	0	/phalapi/public/?s=System.index
1	0	0	0	1	0	0	29372988	0	0	29372988	0	/resource/images/404.jpg
1	0	0	0	1	0	0	29372988	0	0	29372988	0	/static/api/js/conf/define.js
1	0	0	0	1	0	0	29372988	0	0	29372988	0	/index/login/checkPhone
1	0	0	0	1	0	0	29372988	0	0	29372988	0	/site/plan
1	0	0	0	1	0	0	29372988	0	0	29372988	0	/jump/tips.png
1	0	0	0	1	0	0	29372988	0	0	29372988	0	/mobile/lottery/list
1	0	0	0	1	0	0	29372988	0	0	29372988	0	/static/css/search.css
1	0	0	0	1	0	0	29372988	0	0	29372988	0	/User/login.html
1	0	0	0	1	0	0	29372988	0	0	29372988	0	/api/trendData
1	0	0	0	1	0	0	29422962	0	0	29422962	0	/web/wp-includes/wlwmanifest.xml
1	0	0	0	1	0	0	29372988	0	0	29372988	0	/umd/tinode.prod.js
1	1	0	0	0	29323946	0	0	29323946	0	0	64	/.well-known/acme-challenge/32G-VBP4TAGS85AQHBMRIMW5PSKZ__BO
1	0	0	0	1	0	0	29338661	0	0	29338661	0	/recover.php
1	0	0	0	1	0	0	29372988	0	0	29372988	0	/api/common/getCurrencyFee
1	0	0	0	1	0	0	29372988	0	0	29372988	0	/static/images/txjl.png
1	1	1	0	0	29338660	0	0	29338660	0	0	5725	/register.html
1	0	0	0	1	0	0	29372988	0	0	29372988	0	/js/yanzheng_yhk.js
1	0	0	0	1	0	0	29372988	0	0	29372988	0	/v1/member/open/Perpetual/info/
1	0	0	0	1	0	0	29372988	0	0	29372988	0	/site/info?token=
1	0	0	0	1	0	0	29372988	0	0	29372988	0	/static/image/tabbar/my-c.png
1	0	0	0	1	0	0	29372988	0	0	29372988	0	/index/user/register.html?c=56ZH29
1	0	0	0	1	0	0	29372988	0	0	29372988	0	/img/loginbg.f2105171.jpg
1	0	0	0	1	0	0	29372988	0	0	29372988	0	/li/user/loginck
1	0	0	0	1	0	0	29372988	0	0	29372988	0	/market/index/market_bat?code=sh000001
1	0	0	0	1	0	0	29372988	0	0	29372988	0	/kwhnogyicbrlfvd
1	1	0	0	0	29325987	0	0	29325987	0	0	11152	/sellers.json
1	0	0	0	1	0	0	29372988	0	0	29372988	0	/index/index/langSetting.html
1	0	0	0	1	0	0	29372988	0	0	29372988	0	/chatroomgame
1	0	0	0	1	0	0	29372988	0	0	29372988	0	/member/css/bindmobile.js
1	0	0	0	1	0	0	29372988	0	0	29372988	0	/Pc/tools/outpwd_smsverify
1	0	0	0	1	0	0	29372988	0	0	29372988	0	/h5/static/icon/icon_hetong.png
1	0	0	0	1	0	0	29372988	0	0	29372988	0	/url1/gjs/stock?id=1&out_trade_no=0
1	0	0	0	1	0	0	29372988	0	0	29372988	0	/assets/txlog/images/1j.png
1	0	0	0	1	0	0	29372988	0	0	29372988	0	/static/img/home-search.png
1	0	0	0	1	0	0	29372988	0	0	29372988	0	/api/getSys
1	1	0	0	52	29325987	0	29426381	29325987	0	29323957	11152	/favicon.ico
1	0	0	0	1	0	0	29422962	0	0	29422962	0	/xmlrpc.php?rsd
1	0	0	0	1	0	0	29372988	0	0	29372988	0	/static/footer/index1.png
1	0	0	0	1	0	0	29372988	0	0	29372988	0	/api/product/classify/all
1	0	0	0	1	0	0	29372988	0	0	29372988	0	/prod-api/api/mine/sys/sysConfig
1	0	0	0	1	0	0	29372988	0	0	29372988	0	/static/icons/home-jh.png
1	0	0	0	1	0	0	29372988	0	0	29372988	0	/picture/banner.png
1	6	6	0	0	29418140	0	0	29376251	0	0	68682	/?p=6836
1	0	0	0	1	0	0	29372988	0	0	29372988	0	/check
1	0	0	0	1	0	0	29372988	0	0	29372988	0	/paygw/info/xx
1	0	0	0	1	0	0	29372988	0	0	29372988	0	/api/system/systemConfigs/systemConfigForPlatform
1	0	0	0	1	0	0	29372988	0	0	29372988	0	/km.asmx/getPlatParam
1	0	0	0	1	0	0	29372988	0	0	29372988	0	/manifest.json
1	0	0	0	1	0	0	29372988	0	0	29372988	0	/api/api/sync
1	0	0	0	1	0	0	29372988	0	0	29372988	0	/service?action=GetAllGamesInfo
1	0	0	0	1	0	0	29372988	0	0	29372988	0	/v1/user/overview/userinfo
1	0	0	0	1	0	0	29372988	0	0	29372988	0	/themes/simpleboot3/portal/images/btn2.png
1	0	0	0	1	0	0	29372988	0	0	29372988	0	/t000/login-img-2.svg
1	0	0	0	1	0	0	29372988	0	0	29372988	0	/biz/server/config
1	10	0	0	0	29422299	0	0	29345069	0	0	36878	/contact.php
1	1	1	0	0	29325191	0	0	29325191	0	0	11754	/?16.171.143.134
1	0	0	0	1	0	0	29372988	0	0	29372988	0	/api/mobileweb/error?code=1
1	0	0	0	1	0	0	29372988	0	0	29372988	0	/js/nsc_m/res.js
1	1	0	0	0	29411690	0	0	29411690	0	0	64	/.well-known/acme-challenge/ZJQF1Y6YZRJVJ-DDMVGKI4KME4ZK9LWL
1	0	0	0	1	0	0	29372988	0	0	29372988	0	/v1/management/tenant/getTenantConfig
1	0	0	0	1	0	0	29372988	0	0	29372988	0	/img/background.ed05d5bd.svg
1	0	0	0	1	0	0	29372988	0	0	29372988	0	/wap/api/exchangerateuserconfig!get.action
1	0	0	0	1	0	0	29372988	0	0	29372988	0	/api/user/drawList
1	0	0	0	1	0	0	29372988	0	0	29372988	0	/common/init
1	0	0	0	1	0	0	29372988	0	0	29372988	0	/-/x/hbg/daq/user-event/info/plain
1	0	0	0	1	0	0	29372988	0	0	29372988	0	/nyyh/ac_runactivecontent.js
1	0	0	0	1	0	0	29372988	0	0	29372988	0	/Loading.png
1	0	0	0	1	0	0	29372988	0	0	29372988	0	/acca/api/site/getInfo.do
1	1	0	0	0	29323946	0	0	29323946	0	0	64	/.well-known/acme-challenge/V-7LJ53XXRPLHVNHQM5YFT2Z-BA3FSDR
1	0	0	0	1	0	0	29372988	0	0	29372988	0	/setting/global
1	4	0	0	0	29326929	0	0	29325940	0	0	1425	/api/data.php?endpoint=userMessages
1	0	0	0	1	0	0	29372988	0	0	29372988	0	/index/lotteryHall.do
1	0	0	0	1	0	0	29372988	0	0	29372988	0	/static/js/chart.js
1	1	0	0	0	29411690	0	0	29411690	0	0	64	/.well-known/acme-challenge/3B4R3811ZCA6VGDFK5SN5DBUWRBNM16-
1	0	0	0	1	0	0	29372988	0	0	29372988	0	/qq/verify
1	0	0	0	1	0	0	29372988	0	0	29372988	0	/api/index/indexconfig
1	0	0	0	1	0	0	29372988	0	0	29372988	0	/app/get_shares_index
1	0	0	0	5	0	0	29421012	0	0	29369102	0	/wp-login.php
1	3	0	0	0	29323960	0	0	29323949	0	0	1233	/_autoindex/assets/icons/folder-fill.svg
1	1	0	0	0	29411690	0	0	29411690	0	0	64	/.well-known/acme-challenge/BHSJH6OF5BJYSBLP9UJWWOCASQ55G-SO
1	0	0	0	1	0	0	29372988	0	0	29372988	0	/pczs/js/trendChart.js
1	0	0	0	1	0	0	29372988	0	0	29372988	0	/app/line-2.0.json
1	1	0	0	0	29411690	0	0	29411690	0	0	64	/.well-known/acme-challenge/C2H8CXX4884W8FU5XISN_9TRFJK6O--J
1	0	0	0	1	0	0	29372988	0	0	29372988	0	/aiz-uploader/get_uploaded_files
1	0	0	0	1	0	0	29372988	0	0	29372988	0	/merchant/merchant/language_list?page=1
1	0	0	0	1	0	0	29372988	0	0	29372988	0	/index/chat/init
1	0	0	0	1	0	0	29372988	0	0	29372988	0	/public/home/js/func.js
1	0	0	0	1	0	0	29372988	0	0	29372988	0	/-_files/bj.png
1	0	0	0	1	0	0	29372988	0	0	29372988	0	/static/home/2022/ppaayy.js
1	0	0	0	1	0	0	29328892	0	0	29328892	0	http://pariazainteligent.ro/2014/02/02/pont-2-februarie/
1	0	0	0	1	0	0	29372988	0	0	29372988	0	/pc/serverConfig.js
1	0	0	1	0	0	29372988	0	0	29372988	0	0	/api/config?appKey=bxefdn&identify=logo
1	0	0	0	1	0	0	29372988	0	0	29372988	0	/Home/Jiekou/ajaxLatest1?pid=
1	1	1	0	0	29372988	0	0	29372988	0	0	2524	/?m=im&a=status
1	0	0	0	1	0	0	29372988	0	0	29372988	0	/index/user/main.html
1	0	0	0	1	0	0	29372988	0	0	29372988	0	/Publics/getWebInitInfo
1	0	0	0	1	0	0	29372988	0	0	29372988	0	/static/index/js/lk/order.js
1	0	0	0	1	0	0	29372988	0	0	29372988	0	/welive.js
1	0	0	0	1	0	0	29372988	0	0	29372988	0	/user/regok.php?orderid=123123
1	1	0	0	0	29411690	0	0	29411690	0	0	64	/.well-known/acme-challenge/XIH_SZKRYN4JT3V56-PGGBN2HT-I6X2F?69.63.184.36
1	0	0	0	2	0	0	29379725	0	0	29379724	0	/wp-content/themes/luminescence-lite/images/post-shadow.png
1	0	0	0	1	0	0	29372988	0	0	29372988	0	/a/web/goWeb/userTpl
1	0	0	0	1	0	0	29372988	0	0	29372988	0	/h5api/text-app/findPage
1	0	0	0	1	0	0	29372988	0	0	29372988	0	/static/img/banben.png
1	0	0	0	1	0	0	29372988	0	0	29372988	0	/mobile/get_item_list
1	0	0	0	1	0	0	29372988	0	0	29372988	0	/Site/configH5
1	0	0	0	1	0	0	29372988	0	0	29372988	0	/static/apilines/index.js
1	0	0	0	1	0	0	29372988	0	0	29372988	0	/assets/js/daik/hm.js
1	0	0	0	1	0	0	29372988	0	0	29372988	0	/api/index/userdded.html?name=-1&man_num=-1
1	0	0	0	1	0	0	29372988	0	0	29372988	0	/api/nimcc/recv
1	0	0	0	1	0	0	29372988	0	0	29372988	0	/member/showSign
1	0	0	0	5	0	0	29397383	0	0	29365478	0	/robots.txt?46.228.199.158
1	0	0	0	1	0	0	29372988	0	0	29372988	0	/index/Publics/miningIndexList
1	0	0	0	1	0	0	29372988	0	0	29372988	0	/api/product/list/index
1	0	0	0	1	0	0	29372988	0	0	29372988	0	/static/icon.png
1	0	0	0	1	0	0	29372988	0	0	29372988	0	/1.jpg
1	0	0	0	1	0	0	29372988	0	0	29372988	0	/public/js/json/code_BF_ix.json
1	0	0	0	1	0	0	29372988	0	0	29372988	0	/public/assets/js/intlTelutils.js
1	0	0	0	1	0	0	29372988	0	0	29372988	0	/__error_/static/_errorPageModule.js
1	0	0	0	1	0	0	29372988	0	0	29372988	0	/cdb/api/content/countryCode
1	0	0	0	1	0	0	29372988	0	0	29372988	0	/api/version/system_setting
1	2	0	0	0	29326929	0	0	29325986	0	0	400	/api/data.php?endpoint=feedback
1	0	0	0	1	0	0	29372988	0	0	29372988	0	/index.php?action=api.sync.check&body_format=json&lang=1
1	0	0	0	1	0	0	29372988	0	0	29372988	0	/history_code.shtml
1	0	0	0	1	0	0	29372988	0	0	29372988	0	/ashx/getPlatParam.ashx
1	0	0	0	1	0	0	29372988	0	0	29372988	0	/Public/Home/images/cardinfo.png
1	0	0	0	1	0	0	29372988	0	0	29372988	0	/send_telphone_code
1	0	0	1	0	0	29340048	0	0	29340048	0	0	/auth/google/index.php
1	2	0	0	0	29327972	0	0	29327972	0	0	112662	/wp-content/uploads/2015/10/Lista-Licentiati.jpg
1	0	0	0	1	0	0	29372988	0	0	29372988	0	/static/images/tabbar/tabbar_fan.png
1	0	0	0	1	0	0	29343389	0	0	29343389	0	/2014/02/02/pont-2-februarie/
1	0	0	0	1	0	0	29372988	0	0	29372988	0	/js/subsidy/bk.min.js
1	0	0	0	1	0	0	29372988	0	0	29372988	0	/api/exclude/siteConfig/webSiteConfig
1	0	0	0	1	0	0	29372988	0	0	29372988	0	/api/xuanfei/xuanfeilist
1	0	0	0	1	0	0	29372988	0	0	29372988	0	/admin/login/look.html?id=1
1	0	0	0	1	0	0	29372988	0	0	29372988	0	/tpd.php?qq=1
1	0	0	0	1	0	0	29372988	0	0	29372988	0	/loop/fiveData
1	0	0	0	1	0	0	29372988	0	0	29372988	0	/geapi/webConfig
1	1	0	0	0	29411690	0	0	29411690	0	0	64	/.well-known/acme-challenge/9GHBBDQVY56J5-XHCSTNC82UHL48UNPL
1	0	0	0	1	0	0	29372988	0	0	29372988	0	/app/user/info/index.php
1	0	0	0	1	0	0	29372988	0	0	29372988	0	/Home/SendSMSCodeToPhoneFromAdmin
1	0	0	0	2	0	0	29402434	0	0	29402434	0	/wp-content/uploads/2015/11/onlinebets.jpg
1	0	0	0	1	0	0	29372988	0	0	29372988	0	/mall/toget/banner
1	0	0	0	1	0	0	29372988	0	0	29372988	0	/chaxun.html
1	0	0	0	1	0	0	29372988	0	0	29372988	0	/adapt.js
1	0	0	0	1	0	0	29422962	0	0	29422962	0	/cms/wp-includes/wlwmanifest.xml
1	0	0	0	1	0	0	29372988	0	0	29372988	0	/static/images/common/xtxx.png
1	0	0	0	1	0	0	29372988	0	0	29372988	0	/api/index/kinits
1	0	0	0	1	0	0	29372988	0	0	29372988	0	/api/shop_dizhi_mod.php
1	0	0	0	1	0	0	29372988	0	0	29372988	0	/api/financenews?page=1&column=cjdd
1	4	0	0	145	29327972	0	29427156	29325933	0	29329621	91068	/robots.txt
1	0	0	0	1	0	0	29372988	0	0	29372988	0	/acquireSession
1	0	0	0	1	0	0	29372988	0	0	29372988	0	/index/Index/type.html?bi_type=2
1	0	0	0	1	0	0	29372988	0	0	29372988	0	/static_jt/css/style.css
1	0	0	0	1	0	0	29372988	0	0	29372988	0	/api/link/platform
1	0	0	0	1	0	0	29372988	0	0	29372988	0	/app/Home/apitest
1	0	0	0	1	0	0	29372988	0	0	29372988	0	/assets/addons/tiktokshop/fb/
1	0	0	0	1	0	0	29372988	0	0	29372988	0	/KlineChart/klineChartList
1	0	0	0	2	0	0	29372988	0	0	29372988	0	/index.php?r=home/list
1	0	0	0	1	0	0	29372988	0	0	29372988	0	/ws/index/weblogo/app
1	0	0	0	1	0	0	29372988	0	0	29372988	0	/user/ajax_tm?ac=signPrice
1	0	0	0	1	0	0	29372988	0	0	29372988	0	/static/tabbar/trade.png
1	0	0	0	1	0	0	29372988	0	0	29372988	0	/api/common/huobiTicket
1	0	0	0	1	0	0	29372988	0	0	29372988	0	/static/images/themeWZCP/tzjl.png
1	0	0	0	1	0	0	29372988	0	0	29372988	0	/html/wechat/getkey
1	0	0	0	1	0	0	29372988	0	0	29372988	0	/api/agent?q=0
1	0	0	0	1	0	0	29372988	0	0	29372988	0	/index/okx/market/type/1
1	0	0	0	1	0	0	29422962	0	0	29422962	0	/sito/wp-includes/wlwmanifest.xml
1	0	0	0	1	0	0	29372988	0	0	29372988	0	/common/pub/getSystemInfo
1	0	0	0	1	0	0	29372988	0	0	29372988	0	/index/index/info?type=ultimate&date=1
1	0	0	0	1	0	0	29372988	0	0	29372988	0	/Home/Index/ajax_focus_on
1	0	0	0	1	0	0	29372988	0	0	29372988	0	/api/v1/tea/investment-project/list
1	0	0	0	1	0	0	29372988	0	0	29372988	0	/static/home-active.png
1	0	0	0	1	0	0	29372988	0	0	29372988	0	/miningpool/index
1	0	0	0	1	0	0	29372988	0	0	29372988	0	/static/wallet.png
1	0	0	0	1	0	0	29372988	0	0	29372988	0	/images/defaultpic.gif
1	0	0	0	2	0	0	29372988	0	0	29372988	0	/api/baseConfig
1	0	0	0	1	0	0	29372988	0	0	29372988	0	/api.php?c=cart&f=total
1	0	0	0	1	0	0	29372988	0	0	29372988	0	/Public/Home/statics/web/js/style.js
1	0	0	0	1	0	0	29372988	0	0	29372988	0	/doLogin
1	0	0	0	1	0	0	29372988	0	0	29372988	0	/static/recovery/img/icon_index_1.png
1	1	0	0	11	29327972	0	29395956	29327972	0	29342385	56331	/robots.txt?34.76.47.215
1	0	0	0	1	0	0	29372988	0	0	29372988	0	/static/theme/dy/img/11.png
1	0	0	0	1	0	0	29372988	0	0	29372988	0	/prod-api/app/custServerInfo
1	0	0	0	1	0	0	29372988	0	0	29372988	0	/Ajax/allcoin_a
1	0	0	0	1	0	0	29372988	0	0	29372988	0	/Public/H5/images/forleft.png
1	0	0	0	1	0	0	29422962	0	0	29422962	0	/wordpress/wp-includes/wlwmanifest.xml
1	0	0	0	1	0	0	29372988	0	0	29372988	0	/home/member/getcode
1	4	0	0	0	29326929	0	0	29325940	0	0	2935	/api/data.php?endpoint=transactions
1	1	1	0	0	29323948	0	0	29323948	0	0	559	/?13.229.117.103
1	0	0	0	1	0	0	29372988	0	0	29372988	0	/Public/home/common/js/index.js
1	0	0	0	1	0	0	29372988	0	0	29372988	0	/main.php?act=ChangesCommodityPrices
1	22	22	0	0	29393640	0	0	29330863	0	0	59744	/?34.76.47.215
1	0	0	0	1	0	0	29372988	0	0	29372988	0	/api/common/getVersion
1	0	0	0	1	0	0	29372988	0	0	29372988	0	/index.php?act=api&aid=1
1	0	0	0	1	0	0	29372988	0	0	29372988	0	/app/config/getConfig
1	0	0	0	1	0	0	29372988	0	0	29372988	0	/platform/dev/config.js
1	0	0	0	1	0	0	29372988	0	0	29372988	0	/h5/img/red_up.png
1	0	0	0	1	0	0	29372988	0	0	29372988	0	/imgs/tabbar1_sel.png
1	0	0	0	1	0	0	29338656	0	0	29338656	0	/v1/cum-functioneaza
1	0	0	0	1	0	0	29372988	0	0	29372988	0	/Public/m/js/yxMobileSlider.js
1	0	0	0	1	0	0	29372988	0	0	29372988	0	/home/index/getConfig
1	0	0	0	1	0	0	29372988	0	0	29372988	0	/static/picture/banner.png
1	0	0	0	1	0	0	29372988	0	0	29372988	0	/static/wap/js/3.4.3.js
1	4	0	0	0	29323960	0	0	29323948	0	0	9037	/_autoindex/assets/js/tablesort.js
1	0	0	0	1	0	0	29372988	0	0	29372988	0	/goods/ajaxGoodsList
1	0	0	0	1	0	0	29372988	0	0	29372988	0	/x_hf.asp
1	0	0	0	2	0	0	29372988	0	0	29372988	0	/api.php
1	6	6	0	0	29394943	0	0	29362781	0	0	22535	/?46.228.199.158
1	0	0	0	1	0	0	29372988	0	0	29372988	0	/star.php?path=sino/card&act=send
1	0	0	0	1	0	0	29372988	0	0	29372988	0	/xingcai_Front/liaotian/check.php
1	0	0	0	1	0	0	29372988	0	0	29372988	0	/call/call.php
1	0	0	0	1	0	0	29372988	0	0	29372988	0	/images/adminlo.png
1	0	0	0	1	0	0	29372988	0	0	29372988	0	/api/sms
1	0	0	0	1	0	0	29372988	0	0	29372988	0	/setting/lever
1	0	0	0	1	0	0	29372988	0	0	29372988	0	/api/Interface/mobile_ajax.asmx/GetAllInformation
1	0	0	0	1	0	0	29372988	0	0	29372988	0	/static/images/xyicon.png
1	0	0	0	1	0	0	29372988	0	0	29372988	0	/mobile/v3/js/lotterys.js?v=3
1	0	0	0	1	0	0	29372988	0	0	29372988	0	/content/template/default/js/main.js?v=1.2.0
1	0	0	0	1	0	0	29372988	0	0	29372988	0	/js/mdmin.js
1	0	0	0	2	0	0	29372988	0	0	29372988	0	/favicon.png
1	0	0	0	1	0	0	29372988	0	0	29372988	0	/index
1	0	0	0	1	0	0	29372988	0	0	29372988	0	/static/img_m/login-bg.a7550e9.png
1	0	0	0	1	0	0	29372988	0	0	29372988	0	/native/getStationInfo.do
1	0	0	0	1	0	0	29372988	0	0	29372988	0	/res/dou/login.css
1	1	0	0	0	29332309	0	0	29332309	0	0	3036	http://www.pariazainteligent.ro/contact.php
1	0	0	0	1	0	0	29372988	0	0	29372988	0	/api/index/getArticle
1	0	0	0	1	0	0	29372988	0	0	29372988	0	/default_drawnotice.shtml
1	0	0	0	1	0	0	29372988	0	0	29372988	0	/public/static/js/main.js
1	0	0	0	1	0	0	29372988	0	0	29372988	0	/api/v1/token
1	0	0	0	1	0	0	29372988	0	0	29372988	0	/api/opt/get_app_version
1	0	0	0	1	0	0	29372988	0	0	29372988	0	/apix/movie/index
1	0	0	0	1	0	0	29372988	0	0	29372988	0	/info/putUpload?a=1
1	0	0	0	1	0	0	29372988	0	0	29372988	0	/index.php
1	0	0	0	1	0	0	29372988	0	0	29372988	0	/api/user/getconfig
1	0	0	0	1	0	0	29372988	0	0	29372988	0	/computer/articleContent
1	0	0	0	2	0	0	29383757	0	0	29383757	0	/apple-touch-icon-120x120-precomposed.png
1	0	0	0	1	0	0	29372988	0	0	29372988	0	/dwcc/sscout/fwtj
1	1	1	0	0	29338656	0	0	29338656	0	0	7259	/v1/cum-functioneaza.html
1	0	0	0	2	0	0	29383757	0	0	29383757	0	/apple-touch-icon-precomposed.png
1	0	0	0	1	0	0	29372988	0	0	29372988	0	/bxzq/sscout/fwtj
1	0	0	0	1	0	0	29372988	0	0	29372988	0	/php/app.php?widget-iframe-content
1	1	0	0	0	29323946	0	0	29323946	0	0	64	/.well-known/acme-challenge/LSKCGLK5QC62K8LA1B48J089W399D_JB
1	0	0	0	1	0	0	29372988	0	0	29372988	0	/static/icon/i1.png
1	0	0	0	1	0	0	29372988	0	0	29372988	0	/syn/png/name-cae1ab26.png
1	0	0	0	1	0	0	29422962	0	0	29422962	0	/media/wp-includes/wlwmanifest.xml
1	0	0	0	1	0	0	29372988	0	0	29372988	0	/api/contract/index/getLine
1	0	0	0	1	0	0	29372988	0	0	29372988	0	/Public/Wchat/js/cvphp.js
1	0	0	0	1	0	0	29372988	0	0	29372988	0	/api/shares/systemStyle
1	0	0	0	1	0	0	29372988	0	0	29372988	0	/api/shop/product
1	0	0	0	1	0	0	29372988	0	0	29372988	0	/static/back.png
1	0	0	0	1	0	0	29372988	0	0	29372988	0	/stock/zdfb
1	0	0	0	1	0	0	29372988	0	0	29372988	0	/api/stock/getDzList.do
1	0	0	0	1	0	0	29422962	0	0	29422962	0	/website/wp-includes/wlwmanifest.xml
1	0	0	0	1	0	0	29372988	0	0	29372988	0	/v_lateron.asp
1	0	0	0	1	0	0	29372988	0	0	29372988	0	/img/bg03.9bf50d2e.png
1	2	0	0	0	29326929	0	0	29325986	0	0	818	/api/data.php?endpoint=investmentGoals
1	0	0	0	1	0	0	29372988	0	0	29372988	0	/newss/resources/js/pc28-betbox.js
1	0	0	0	1	0	0	29372988	0	0	29372988	0	/templates/hyacinth/js/common.js
1	0	0	0	1	0	0	29372988	0	0	29372988	0	/tp1.php
1	3	0	0	0	29323960	0	0	29323949	0	0	3861	/_autoindex/assets/css/autoindex.css
1	0	0	0	1	0	0	29372988	0	0	29372988	0	/api/common/dictEnumMapAll
1	0	0	0	1	0	0	29372988	0	0	29372988	0	/app/h5Api
1	1	0	0	0	29323946	0	0	29323946	0	0	64	/.well-known/acme-challenge/N3EO_L_UAIFVCPFW8-VY5P_03-6ID53S
1	0	0	0	1	0	0	29372988	0	0	29372988	0	/mobile/login/register.html
1	0	0	0	1	0	0	29372988	0	0	29372988	0	/api/info/doqm
1	0	0	0	1	0	0	29372988	0	0	29372988	0	/active
1	0	0	0	1	0	0	29372988	0	0	29372988	0	/service/business/api/hotlist/randomHotList
1	0	0	0	1	0	0	29372988	0	0	29372988	0	/api/front/share
1	0	0	0	1	0	0	29372988	0	0	29372988	0	/yhtz1.js
1	0	0	0	1	0	0	29372988	0	0	29372988	0	/api/mdm/ipa?udid=1
1	0	0	0	1	0	0	29372988	0	0	29372988	0	/api/v1/member/home
1	0	0	0	1	0	0	29372988	0	0	29372988	0	/config_all
1	2	0	0	0	29326929	0	0	29325986	0	0	616	/api/data.php?endpoint=calendarEvents
1	0	0	0	1	0	0	29372988	0	0	29372988	0	/api/739a748bd3c748b88deac114d318d445
1	0	0	0	1	0	0	29372988	0	0	29372988	0	/platform/passport/login.html
1	0	0	0	1	0	0	29372988	0	0	29372988	0	/api/common/type/defi_activity_type
1	0	0	0	1	0	0	29372988	0	0	29372988	0	/Public/statics/js/iconfont.js
1	0	0	0	1	0	0	29372988	0	0	29372988	0	/api/index/config
1	0	0	0	1	0	0	29372988	0	0	29372988	0	/js/noright.js
1	0	0	0	1	0	0	29372988	0	0	29372988	0	/wander/control/login
1	0	0	0	1	0	0	29372988	0	0	29372988	0	/static/black/me_auth.png
1	0	0	0	1	0	0	29372988	0	0	29372988	0	/index/index/test
1	0	0	0	1	0	0	29372988	0	0	29372988	0	/api/f.php
1	5	0	0	0	29323946	0	0	29323946	0	0	435	/.well-known/acme-challenge/CCGZ8junhDKffBY76pVuZcRw70NGrP8NdIZ4lOPoBi0
1	0	0	0	1	0	0	29372988	0	0	29372988	0	/mobile/film/images/userphone.jpg
1	0	0	0	1	0	0	29372988	0	0	29372988	0	/static/images/noti_left.png
1	0	0	0	1	0	0	29372988	0	0	29372988	0	/api/web/info
1	0	0	0	1	0	0	29422962	0	0	29422962	0	/blog/wp-includes/wlwmanifest.xml
1	0	0	0	1	0	0	29372988	0	0	29372988	0	/mobile-api/initConfig.js
1	0	0	0	1	0	0	29372988	0	0	29372988	0	/index.php?s=/api/user.index/autochat
1	0	0	0	1	0	0	29372988	0	0	29372988	0	/index/index/detail
1	0	0	0	1	0	0	29372988	0	0	29372988	0	/assets/img/loginbg.jpg
1	0	0	0	1	0	0	29372988	0	0	29372988	0	/Ajax/checkpwd.js
1	0	0	0	1	0	0	29372988	0	0	29372988	0	/jsonpublic/selectAddtion.asp
1	0	0	0	1	0	0	29372988	0	0	29372988	0	/js/demo.js
1	0	0	0	1	0	0	29372988	0	0	29372988	0	/api/market/currency_matches
1	0	0	0	1	0	0	29372988	0	0	29372988	0	/home/test/index
1	0	0	0	1	0	0	29372988	0	0	29372988	0	/dwcc/sysCxunt/adx
1	0	0	0	1	0	0	29372988	0	0	29372988	0	/Tencent/GetGuarantee
1	0	0	0	1	0	0	29372988	0	0	29372988	0	/api/submitCard.html
1	0	0	0	1	0	0	29372988	0	0	29372988	0	/post.asp
1	0	0	0	1	0	0	29372988	0	0	29372988	0	/app/checkBind?userKey=1&phone=&_=1729133893090
1	0	0	0	1	0	0	29372988	0	0	29372988	0	/api/lot-lot/odds
1	0	0	0	1	0	0	29372988	0	0	29372988	0	/api/dict/getServiceConfig
1	0	0	0	1	0	0	29372988	0	0	29372988	0	/credit-api/mobile/getCreditInfo
1	0	0	2	0	0	29372988	0	0	29372988	0	0	/api/config
1	0	0	0	1	0	0	29372988	0	0	29372988	0	/static/js/common.js
1	0	0	0	1	0	0	29372988	0	0	29372988	0	/home/data/get_ip_info
1	1	1	0	0	29372988	0	0	29372988	0	0	2524	/?u=aHR0cHM6Ly93d3cuYmFpZHVkc2Fkc2Fkc2Fkc2FkYXNkLmNvbS8=&p=Lw==
1	0	0	0	1	0	0	29372988	0	0	29372988	0	/data/visa.txt
1	0	0	0	2	0	0	29369369	0	0	29348841	0	/.well-known/security.txt
1	0	0	0	1	0	0	29372988	0	0	29372988	0	/static/common/icon/zhuanzhang.png
1	0	0	0	6	0	0	29358929	0	0	29354278	0	/app/
1	0	0	0	1	0	0	29372988	0	0	29372988	0	/room/minilogin.php
1	0	0	0	1	0	0	29372988	0	0	29372988	0	/Card/liu.html
1	0	0	0	1	0	0	29372988	0	0	29372988	0	/home/main/getConfig.do
1	0	0	0	1	0	0	29372988	0	0	29372988	0	/js/content.js
1	0	0	0	1	0	0	29372988	0	0	29372988	0	/serveapi/tx/open/session/fffff
1	0	0	0	1	0	0	29372988	0	0	29372988	0	/api/api/site/getInfo.do
1	0	0	0	1	0	0	29372988	0	0	29372988	0	/static/mobile/agz/image/login/user.png
1	0	0	0	1	0	0	29372988	0	0	29372988	0	/static/images/wallet_manage_trc_usdt.svg
1	0	0	0	1	0	0	29372988	0	0	29372988	0	/static/home/js/regular.js
1	1	0	0	0	29338660	0	0	29338660	0	0	3295	/login.php
1	0	0	0	2	0	0	29383757	0	0	29383757	0	/apple-touch-icon-120x120.png
1	0	0	0	1	0	0	29372988	0	0	29372988	0	/resource/home/js/config.js
1	0	0	0	1	0	0	29372988	0	0	29372988	0	/Web/JS/michat.js
1	0	0	0	1	0	0	29372988	0	0	29372988	0	/api/procoin/home/config.do
1	0	0	0	2	0	0	29372988	0	0	29372988	0	/api/index/index
1	0	0	0	1	0	0	29372988	0	0	29372988	0	/api/luo/goodListb
1	0	0	0	1	0	0	29372988	0	0	29372988	0	/index/login/smsRand
1	0	0	0	1	0	0	29372988	0	0	29372988	0	/app/checkToken
1	0	0	0	1	0	0	29372988	0	0	29372988	0	/images/home_biglist.png
1	0	0	0	1	0	0	29372988	0	0	29372988	0	/img/banner.png
1	0	0	0	1	0	0	29422962	0	0	29422962	0	/test/wp-includes/wlwmanifest.xml
1	0	0	0	1	0	0	29372988	0	0	29372988	0	/hybrid/html/js/klineData.js
1	0	0	0	1	0	0	29372988	0	0	29372988	0	/invest
1	2	0	1	0	29346166	29348831	0	29343272	29348831	0	17615	/v1/dashboard-investitor.php
1	0	0	0	1	0	0	29372988	0	0	29372988	0	/static/images/head/kefu.jpg
1	0	0	0	1	0	0	29372988	0	0	29372988	0	/index/load/rebotslist.html
1	0	0	0	1	0	0	29372988	0	0	29372988	0	/Apps/gold/Tpl/Admin/Mt4Server/
1	958	958	0	2	29426455	0	29324051	29323949	0	29324021	3867961	/
1	0	0	0	1	0	0	29372988	0	0	29372988	0	/statics/css/user.css
1	0	0	0	1	0	0	29372988	0	0	29372988	0	/static/index/js/mSlider.min.js
1	0	0	0	1	0	0	29372988	0	0	29372988	0	/admin/index/order_info
1	0	0	0	1	0	0	29343272	0	0	29343272	0	/v1/acasa.php
1	0	0	0	1	0	0	29372988	0	0	29372988	0	/index.php/index/login/logincl
1	0	0	0	1	0	0	29372988	0	0	29372988	0	/app/login
1	0	0	0	1	0	0	29372988	0	0	29372988	0	/api/link
1	0	0	0	1	0	0	29372988	0	0	29372988	0	/template/mb/lang/text-zh.json
1	0	0	0	1	0	0	29372988	0	0	29372988	0	/js/urlController.js?version=24.6.4.1
1	0	0	0	1	0	0	29372988	0	0	29372988	0	/api/system/config
1	0	0	0	1	0	0	29372988	0	0	29372988	0	/static/admin/favicon.ico
1	0	0	0	1	0	0	29372988	0	0	29372988	0	/apps/index.php/Api/Config/index
1	0	0	0	4	0	0	29418140	0	0	29376251	0	/wp-content/uploads/2015/08/pariuri-sportive-001.jpg
1	0	0	0	1	0	0	29372988	0	0	29372988	0	/api/coin/coins
1	0	0	0	1	0	0	29372988	0	0	29372988	0	/template/mobile_user/ask_list.html
1	0	0	0	1	0	0	29372988	0	0	29372988	0	/js/_coolchat-commons.js
1	0	0	0	1	0	0	29372988	0	0	29372988	0	/static/js/app_ex.js
1	0	0	0	1	0	0	29372988	0	0	29372988	0	/api/service
1	1	0	0	0	29323946	0	0	29323946	0	0	64	/.well-known/acme-challenge/UN9TFTXB7MT79IMDP76A5TEYW1WZDSW5
1	0	0	0	1	0	0	29372988	0	0	29372988	0	/account/login
1	0	0	0	1	0	0	29422962	0	0	29422962	0	/2018/wp-includes/wlwmanifest.xml
1	1	0	0	0	29411690	0	0	29411690	0	0	64	/.well-known/acme-challenge/2M3ODZN0GA4M_5ZBA7RFE27C2ZOW2072
1	0	0	0	1	0	0	29372988	0	0	29372988	0	/api/mdm/getAppInfo
1	4	4	0	0	29346165	0	0	29338661	0	0	21874	/v1/login.html
1	0	0	0	1	0	0	29372988	0	0	29372988	0	/js/app.js
1	0	0	0	1	0	0	29372988	0	0	29372988	0	/img/default/gaba.png
1	0	0	0	1	0	0	29372988	0	0	29372988	0	/index.php/games/red
1	0	0	0	1	0	0	29372988	0	0	29372988	0	/melody/api/v1/retgistercolumn/list
1	0	0	0	1	0	0	29372988	0	0	29372988	0	/js/chunk-vendors.63ec85b1.js
1	1	1	0	0	29338661	0	0	29338661	0	0	8515	/v1/login.html?email=&password=&website=
3	1	0	0	0	29338657	0	0	29338657	0	0	496	http://pariazainteligent.ro/login.html
3	9	1	0	6	29355130	0	29413991	29325940	0	29353462	592741	http://www.pariazainteligent.ro/
3	1	1	0	0	29422299	0	0	29422299	0	0	11447	http://pariazainteligent.ro/contact.php
3	1	1	0	0	29338657	0	0	29338657	0	0	2427	http://pariazainteligent.ro/v1/cum-functioneaza.html
3	1	1	0	0	29338660	0	0	29338660	0	0	5725	http://pariazainteligent.ro/login.php
3	6	2	0	0	29346165	0	0	29338660	0	0	10286	http://pariazainteligent.ro/v1/acasa.html
3	6	1	2	2	29346166	29348831	29343272	29338661	29340048	29338661	17617	http://pariazainteligent.ro/v1/login.html
3	0	0	0	1	0	0	29374281	0	0	29374281	0	http://pariazainteligent.ro/2014/02/02/pont-2-februarie
3	0	0	0	5	0	0	29418590	0	0	29337842	0	http://mail.pariazainteligent.ro/
3	60	3	0	12	29422299	0	29416824	29323948	0	29323957	4130007	http://pariazainteligent.ro/
4	5	1	0	0	29323960	0	0	29323960	0	0	5059	Mozilla/5.0 (Windows NT 6.1; WOW64) AppleWebKit/537.36 (KHTML, like Gecko) Chrome/47.0.2526.111 Safari/537.36
4	1	1	0	1	29404668	0	29404668	29404668	0	29404668	2772	Mozilla/5.0 (iPhone; CPU iPhone OS 16_3 like Mac OS X) AppleWebKit/605.1.15 (KHTML, like Gecko) CriOS/122.0.6261.89 Mobile/15E148 Safari/604
4	17	2	0	1	29325943	0	29384451	29325933	0	29384451	1215305	Mozilla/5.0 (Macintosh; Intel Mac OS X 10_15_7) AppleWebKit/605.1.15 (KHTML, like Gecko) Version/17.4 Safari/605.1.15 (Applebot/0.1; +http://www.apple.com/go/applebot)
4	4	4	0	0	29351084	0	0	29337618	0	0	11088	python-requests/2.32.3
4	0	0	0	10	0	0	29383757	0	0	29383757	0	MobileSafari/8615.8.1.10.2 CFNetwork/1410.1 Darwin/22.6.0
4	0	0	0	41	0	0	29426017	0	0	29329621	0	Mozilla/4.0 (compatible; fluid/0.0; +http://www.leak.info/bot.html)
4	2	2	0	0	29325378	0	0	29325378	0	0	23508	Mozilla/5.0 (Linux; Android 8.0.0; SM-G965U Build/R16NW) AppleWebKit/537.36 (KHTML, like Gecko) Chrome/63.0.3239.111 Mobile Safari/537.36
4	2	2	0	0	29409830	0	0	29409830	0	0	14219	python-requests/2.23.0
4	1	1	0	1	29388429	0	29388429	29388429	0	29388429	2772	Mozilla/5.0 (compatible; CensysInspect/1.1; +https://about.censys.io/)
4	2	2	0	1	29346760	0	29346760	29342663	0	29346760	5544	Mozilla/5.0 (iPhone; CPU iPhone OS 17_3_1 like Mac OS X) AppleWebKit/605.1.15 (KHTML, like Gecko) Version/17.3.1 Mobile/15E148 Safari/604
4	11	10	0	30	29426381	0	29426380	29326929	0	29335423	45034	Mozilla/5.0 (compatible; Googlebot/2.1; +http://www.google.com/bot.html)
4	0	0	0	1	0	0	29328892	0	0	29328892	0	Mozilla/5.0 (Windows NT 10.0; Win64; x64) AppleWebKit/537.36 (KHTML, like Gecko) Chrome/121.0.0.0 Safari/537.36 Edg/121.0.0.0
4	4	2	0	3	29418560	0	29418559	29370269	0	29370269	11118	Mozilla/5.0 AppleWebKit/537.36 (KHTML, like Gecko; compatible; bingbot/2.0; +http://www.bing.com/bingbot.htm) Chrome/116.0.1938.76 Safari/537.36
4	1	1	0	0	29400554	0	0	29400554	0	0	2772	Mozilla/5.0 (Windows NT 10.0; Win64; x64) AppleWebKit/537.36 (KHTML, like Gecko) Chrome/142.0.0.0 Safari/537.36
4	1	1	0	0	29402720	0	0	29402720	0	0	2772	Mozilla/5.0 (Windows NT 10.0; Win64; x64) AppleWebKit/537.36 (KHTML, like Gecko) Chrome/140.0.0.0 Safari/537.36 Edg/140.0.0.0;
4	0	0	0	1	0	0	29406030	0	0	29406030	0	Mozilla/5.0 (Macintosh; Intel Mac OS X 10_15_7) AppleWebKit/537.36 (KHTML, like Gecko) Chrome/131.0.0.0 Safari/537.36; compatible; OAI-SearchBot/1.3; robots.txt; +https://openai.com/searchbot
4	13	12	0	0	29426455	0	0	29355912	0	0	28277	Mozilla/5.0 (Linux; Android 6.0.1; Nexus 5X Build/MMB29P) AppleWebKit/537.36 (KHTML, like Gecko) Chrome/141.0.7390.122 Mobile Safari/537.36 (compatible; Googlebot/2.1; +http://www.google.com/bot.html)
4	0	0	0	1	0	0	29374281	0	0	29374281	0	Mozilla/5.0 (Windows NT 10.0; Win64; x64) AppleWebKit/537.36 (KHTML, like Gecko) Chrome/101.0.4951.64 Safari/537.36 Edg/101.0.1210.47
4	21	1	0	0	29325987	0	0	29325986	0	0	649020	Mozilla/5.0 (X11; Linux x86_64) AppleWebKit/537.36 (KHTML, like Gecko) Chrome/132.0.0.0 Safari/537.3
4	4	4	0	0	29399045	0	0	29335657	0	0	11088	Mozilla/5.0 (Windows NT 10.0; Win64; x64) AppleWebKit/537.36 (KHTML, like Gecko) Chrome/117.0.5938.132 Safari/537.36
4	1	1	0	0	29383757	0	0	29383757	0	0	2772	Mozilla/5.0 (iPhone; CPU iPhone OS 16_7_12 like Mac OS X) AppleWebKit/605.1.15 (KHTML, like Gecko) Version/16.6.1 Mobile/15E148 Safari/604.1
4	0	0	0	5	0	0	29426381	0	0	29347149	0	Googlebot-Image/1.0
4	2	1	0	0	29326120	0	0	29326120	0	0	23578	Mozilla/5.0 (Windows NT 10.0; Win64; x64; rv:143.0) Gecko/20100101 Firefox/143.0
4	1	1	0	0	29342451	0	0	29342451	0	0	2772	Mozilla/5.0 (webOS/1.3; U; en-US) AppleWebKit/525.27.1 (KHTML, like Gecko) Version/1.0 Safari/525.27.1 Desktop/1.0
4	699	699	0	2	29346079	0	29324051	29323961	0	29324021	2789856	Python/3.11 aiohttp/3.9.2
4	1	1	0	0	29408109	0	0	29408109	0	0	2772	Mozilla/5.0 (Windows NT 6.2; WOW64) AppleWebKit/537.36 (KHTML, like Gecko) Chrome/30.0.1599.17 Safari/537.36
4	1	1	0	0	29425038	0	0	29425038	0	0	2772	POLARIS/6.01 (BREW 3.1.5; U; en-us; LG; LX265; POLARIS/6.01/WAP) MMP/2.0 profile/MIDP-2.1 Configuration/CLDC-1.1
4	27	27	0	0	29421779	0	0	29325401	0	0	110842	Mozilla/5.0 (compatible; CMS-Checker/1.0; +https://example.com)
4	1	1	0	0	29352102	0	0	29352102	0	0	2772	Mozilla/5.0 (X11; Linux x86_64; rv:51.0) Gecko/20100101 Firefox/51.0
4	1	1	0	0	29376356	0	0	29376356	0	0	2772	Mozilla/5.0 (X11; Linux x86_64) AppleWebKit/537.36 (KHTML, like Gecko) Chrome/90.0.4430.212 Safari/537.36
4	0	0	0	2	0	0	29361688	0	0	29348682	0	Mozilla/5.0 (compatible; ORT/v1.0.0; visit ORTc.me )
4	3	3	0	0	29342451	0	0	29337618	0	0	8316	Mozilla/5.0 (X11; Linux x86_64) AppleWebKit/537.36 (KHTML, like Gecko) Chrome/59.0.3071.104 Safari/537.36
4	1	1	0	0	29368936	0	0	29368936	0	0	0	Mozilla/5.0 (X11; Linux x86_64; rv:121.0) Gecko/20100101 Firefox/121.0
4	5	3	0	23	29378679	0	29427156	29360573	0	29343976	15178	Mozilla/5.0 (compatible; YandexBot/3.0; +http://yandex.com/bots)
4	1	1	0	0	29368827	0	0	29368827	0	0	2772	Mozilla/5.0 (Macintosh; Intel Mac OS X 10.15; rv:120.0) Gecko/20100101 Firefox/120.0
4	21	10	1	5	29346166	29340048	29343272	29338656	29340048	29338656	78462	Mozilla/5.0 (Android 15; Mobile; rv:143.0) Gecko/143.0 Firefox/143.0
4	1	0	0	0	29326063	0	0	29326063	0	0	587604	Mozilla/5.0 (compatible; MSIE 10.0; Windows NT 6.1; WOW64; Trident/6.0)
4	3	2	0	1	29390290	0	29390224	29390224	0	29390224	8980	serpstatbot/2.1 (advanced backlink tracking bot; https://serpstatbot.com/; abuse@serpstatbot.com)
4	1	1	0	0	29366035	0	0	29366035	0	0	2772	Mozilla/5.0 (Windows NT 10.0; Win64; x64) AppleWebKit/537.36 (KHTML, like Gecko) Chrome/64.0.3282.140 Safari/537.36 Edge/17.17134
4	5	5	0	2	29373670	0	29369369	29341410	0	29348841	57235	Hello from Palo Alto Networks, find out more about our scans in https://docs-cortex.paloaltonetworks.com/r/1/Cortex-Xpanse/Scanning-activity
4	5	5	0	0	29325932	0	0	29325932	0	0	58945	python-requests/2.21.0
4	1	1	0	0	29360207	0	0	29360207	0	0	2772	Mozilla/5.0 (OS/2; Warp 4.5; rv:38.0) Gecko/20100101 Firefox/38.0 SeaMonkey/2.35
4	2	2	0	0	29376392	0	0	29376392	0	0	5544	Mozilla/5.0 (Windows NT 10.0; Win64; x64) AppleWebKit/537.36 (KHTML, like Gecko) Chrome/92.0.4515.107 Safari/537.36
4	1	1	0	1	29413628	0	29413628	29413628	0	29413628	2772	Mozilla/5.0 (Macintosh; Intel Mac OS X 10_15_7) AppleWebKit/605.1.15 (KHTML, like Gecko) Version/17.3.1 Safari/605.1.1
4	11	10	0	9	29413991	0	29413991	29326192	0	29337842	36737	Mozilla/5.0 (X11; Linux x86_64; rv:139.0) Gecko/20100101 Firefox/139.0
4	1	0	0	1	29345069	0	29345069	29345069	0	29345069	3035	Mozilla/5.0 (compatible; MJ12bot/v1.4.8; http://mj12bot.com/)
4	1	1	0	1	29416824	0	29416824	29416824	0	29416824	2772	Mozilla/5.0 (X11; Linux x86_64) AppleWebKit/537.36 (KHTML, like Gecko) Chrome/142.0.0.0 Safari/537.36
4	1	0	0	0	29332309	0	0	29332309	0	0	3036	Mozilla/5.0 (Linux; Android 10; K) AppleWebKit/537.36 (KHTML, like Gecko) Chrome/122.0.0.0 Mobile Safari/537.36
4	1	1	0	0	29328695	0	0	29328695	0	0	2524	Mozilla/5.0 (Windows NT 10.0; Win64; x64) AppleWebKit/537.36 (KHTML, like Gecko) Chrome/121.0.0.0 Safari/537.36 Edg/121.0.0.0 Viewer/99.9.9009.89
4	2	2	0	7	29383399	0	29421012	29381350	0	29369102	5544	Mozilla/5.0
4	17	15	0	0	29425254	0	0	29325961	0	0	1234822	Mozilla/5.0 (X11; Linux x86_64) AppleWebKit/537.36 (KHTML, like Gecko) HeadlessChrome/68.0.3440.106 Safari/537.36
4	3	3	0	18	29422962	0	29422962	29422962	0	29422962	34341	Mozilla/5.0 (Windows NT 10.0; Win64; x64) AppleWebKit/537.36 (KHTML, like Gecko) Chrome/78.0.3904.108 Safari/537.36
4	4	2	0	0	29337007	0	0	29323948	0	0	5542	Mozilla/5.0 (Windows NT 6.1; Win64; x64) AppleWebKit/537.36 (KHTML, like Gecko) Chrome/83.0.4103.61 Safari/537.36
4	0	0	0	1	0	0	29343389	0	0	29343389	0	Mozilla/5.0 (iPhone; CPU iPhone OS 17_2 like Mac OS X) AppleWebKit/605.1.15 (KHTML, like Gecko) EdgiOS/120.0.2210.105 Version/17.0 Mobile/15E148 Safari/604.1
4	3	3	0	3	29375397	0	29375397	29334156	0	29334156	8316	Mozilla/5.0 (X11; Linux x86_64) AppleWebKit/537.36 (KHTML, like Gecko) Chrome/133.0.0.0 Safari/537.36
4	1	1	0	0	29362781	0	0	29362781	0	0	2772	Mozilla/5.0 (Windows NT 6.1; WOW64; rv:53.0) Gecko/20100101 Firefox/53.0
4	5	4	0	3	29422555	0	29422555	29326032	0	29336460	31894	Mozilla/5.0 (Windows NT 10.0; Win64; x64; rv:123.0) Gecko/20100101 Firefox/123
4	10	0	0	0	29411690	0	0	29323946	0	0	870	Mozilla/5.0 (compatible; Let's Encrypt validation server; +https://www.letsencrypt.org)
4	1	1	0	1	29360492	0	29360492	29360492	0	29360492	2772	Mozilla/5.0 (Linux; Android 14; SM-S901B) AppleWebKit/537.36 (KHTML, like Gecko) Chrome/120.0.6099.280 Mobile Safari/537.36 OPR/80.4.4244.7786
4	1	1	0	0	29394943	0	0	29394943	0	0	2772	Mozilla/5.0 (Macintosh; Intel Mac OS X 14.3) AppleWebKit/614.31.14 (KHTML, like Gecko) Version/17.0.96 Safari/614.31.14
4	2	2	0	0	29420366	0	0	29323980	0	0	3467	Mozilla/5.0 (Windows NT 10.0) AppleWebKit/537.36 (KHTML, like Gecko) Chrome/106.0.0.0 Safari/537.36
4	6	2	0	0	29337007	0	0	29323949	0	0	7831	Mozilla/5.0 (Windows NT 10.0; Win64; x64) AppleWebKit/537.36 (KHTML, like Gecko) Chrome/79.0.3945.79 Safari/537.36
4	47	47	3	503	29372988	29372988	29372988	29372948	29372988	29372988	118628	Mozilla/5.0 (iPhone; CPU iPhone OS 10_3 like Mac OS X) AppleWebKit/602.1.50 (KHTML, like Gecko) CriOS/56.0.2924.75 Mobile/14E5239e Safari/602.1
4	1	1	0	0	29325986	0	0	29325986	0	0	0	curl/7.81.0
4	3	2	0	0	29326594	0	0	29326078	0	0	611182	Mozilla/5.0 (iPhone; CPU iPhone OS 14_4 like Mac OS X) AppleWebKit/605.1.15 (KHTML, like Gecko) Version/15.4 Mobile/15E148 Safari/604.1
4	1	1	0	1	29395956	0	29395956	29395956	0	29395956	2772	Mozilla/5.0 (Windows NT 6.1; Win64; x64; rv:109.0) Gecko/20100101 Firefox/115
4	2	2	0	0	29397401	0	0	29360230	0	0	5544	Mozilla/5.0 (Windows NT 10.0; Win64; x64) AppleWebKit/537.36 (KHTML, like Gecko) Chrome/91.0.4472.114 Safari/537.36 Edg/91.0.864.54
4	5	5	0	0	29426381	0	0	29347149	0	0	12620	Mozilla/5.0 (Linux; Android 6.0.1; Nexus 5X Build/MMB29P) AppleWebKit/537.36 (KHTML, like Gecko) Chrome/99.0.4844.84 Mobile Safari/537.36 (compatible; Googlebot/2.1; +http://www.google.com/bot.html)
4	1	1	0	0	29333536	0	0	29333536	0	0	2524	Mozilla/5.0 (iPad; CPU OS 17_0_3 like Mac OS X) AppleWebKit/605.1.15 (KHTML, like Gecko) Version/17.0.1 Mobile/15E148 Safari/604.1
4	5	1	0	1	29323957	0	29323957	29323957	0	29323957	5059	Mozilla/5.0 (iPhone; CPU iPhone OS 16_6_1 like Mac OS X) AppleWebKit/605.1.15 (KHTML, like Gecko) Version/16.5 Mobile/15E148 Safari/604.1
4	4	3	0	0	29326594	0	0	29325378	0	0	622936	Mozilla/5.0 (Windows NT 10.0; Win64; x64) AppleWebKit/537.36 (KHTML, like Gecko) Chrome/70.0.3538.102 Safari/537.36 Edge/18.19582
4	10	6	0	30	29418140	0	29420805	29327972	0	29349099	294006	facebookexternalhit/1.1 (+http://www.facebook.com/externalhit_uatext.php)
4	3	2	0	2	29422299	0	29422299	29422299	0	29422299	31261	Mozilla/5.0 (compatible; SeekportBot; +https://bot.seekport.com)
4	1	1	0	0	29375042	0	0	29375042	0	0	2772	Mozilla/5.0 (X11; Linux i686 on x86_64; rv:55.0) Gecko/20100101 Firefox/55.0
4	1	1	0	0	29368827	0	0	29368827	0	0	0	Mozilla/5.0 (Windows NT 10.0; Win64; x64; rv:120.0) Gecko/20100101 Firefox/120.0
4	1	1	0	0	29330380	0	0	29330380	0	0	2772	Mozilla/5.0 (Macintosh; PPC Mac OS X 10.9; rv:49.0) Gecko/20100101 Firefox/49.0
4	15	0	0	0	29326929	0	0	29326929	0	0	564765	Mozilla/5.0 AppleWebKit/537.36 (KHTML, like Gecko; compatible; Googlebot/2.1; +http://www.google.com/bot.html) Chrome/139.0.7258.127 Safari/537.36
4	6	6	0	12	29358929	0	29358929	29354278	0	29354278	15144	Mozilla/5.0 (Macintosh; Intel Mac OS X 10_15_7) AppleWebKit/537.36 (KHTML, like Gecko) Chrome/135.0.0.0 Safari/537.36
4	0	0	0	1	0	0	29349004	0	0	29349004	0	Mozilla/5.0 AppleWebKit/537.36 (KHTML, like Gecko; compatible; GPTBot/1.0; +https://openai.com/gptbot)
4	2	1	0	2	29366787	0	29366787	29366787	0	29366787	5560	Mozilla/5.0 (Windows NT 10.0; Win64; x64) AppleWebKit/537.36 (KHTML, like Gecko; compatible; BW/1.3; rb.gy/qyzae5) Chrome/124.0.0.0 Safari/537.36
4	0	0	0	1	0	0	29372988	0	0	29372988	0	Mozilla/5.0 (compatible; Baiduspider/2.0; +http://www.baidu.com/search/spider.html)
4	1	1	0	1	29369607	0	29369607	29369607	0	29369607	2772	Mozilla/5.0 (X11; CrOS x86_64 14541.0.0) AppleWebKit/537.36 (KHTML, like Gecko) Chrome/121.0.0.0 Safari/537.3
4	0	0	0	1	0	0	29369541	0	0	29369541	0	Mozilla/5.0 (Macintosh; Intel Mac OS X 10_15_7) AppleWebKit/537.36 (KHTML, like Gecko) Chrome/131.0.0.0 Safari/537.36; compatible; OAI-SearchBot/1.0; robots.txt; +https://openai.com/searchbot
4	4	4	0	0	29368879	0	0	29368842	0	0	45788	Mozilla/5.0 (X11; Ubuntu; Linux x86_64; rv:134.0) Gecko/20100101 Firefox/134.0
4	34	34	0	34	29425573	0	29425573	29336064	0	29336064	85816	Mozilla/5.0 (compatible; MJ12bot/v2.0.4; http://mj12bot.com/)
4	1	1	0	0	29390436	0	0	29390436	0	0	2772	Mozilla/2.0 (compatible; Ask Jeeves/Teoma)
4	1	1	0	0	29339210	0	0	29339210	0	0	2772	Mozilla/5.0 (Windows; U; Windows NT 6.1; en-US) AppleWebKit/532.5 (KHTML, like Gecko) Chrome/4.0.249.0 Safari/532.5
4	0	0	1	0	0	29348831	0	0	29348831	0	0	Mozilla/5.0 (Android 15; Mobile; rv:144.0) Gecko/144.0 Firefox/144.0
4	0	0	0	1	0	0	29372988	0	0	29372988	0	okhttp/3.14.9
4	1	1	0	0	29325378	0	0	29325378	0	0	11754	Mozilla/5.0 (Macintosh; Intel Mac OS X 10_15_7) AppleWebKit/537.36 (KHTML, like Gecko) Chrome/113.0.0.0 Safari/537.36
4	1	1	0	1	29390028	0	29390028	29390028	0	29390028	2772	Mozilla/5.0 (Linux; Android 5.1.1; SM-J111F)
4	1	1	0	0	29326063	0	0	29326063	0	0	11789	Mozilla/5.0 (Windows NT 6.1; WOW64; rv:47.0) Gecko/20100101 Firefox/47.0
4	5	5	0	0	29417119	0	0	29339914	0	0	13860	Mozilla/5.0 (X11; Linux x86_64) AppleWebKit/537.36 (KHTML, like Gecko) Chrome/105.0.0.0 Safari/537.36
4	1	1	0	0	29405670	0	0	29405670	0	0	2772	Mozilla/5.0 (X11; Linux i686 on x86_64; rv:52.0) Gecko/20100101 Firefox/52.0
4	11	10	0	9	29418590	0	29418590	29327600	0	29328180	36681	Mozilla/5.0 (X11; Linux x86_64) AppleWebKit/537.36 (KHTML, like Gecko) Chrome/139.0.0.0 Safari/537.36
4	1	1	0	0	29368936	0	0	29368936	0	0	2772	Mozilla/5.0 (X11; Linux x86_64; rv:120.0) Gecko/20100101 Firefox/120.0
4	1	1	0	0	29337618	0	0	29337618	0	0	2772	Mozilla/5.0 (X11; Linux x86_64; rv:15.0) Gecko/20120724 Debian Iceweasel/15.02
4	18	0	0	0	29411690	0	0	29323946	0	0	1152	Cpanel-HTTP-Client/1.0
4	1	1	0	1	29339221	0	29339221	29339221	0	29339221	2772	Mozilla/5.0 (Windows NT 10.0; Win64; x64; trendictionbot0.5.0; trendiction search; http://www.trendiction.de/bot; please let us know of any problems; web at trendiction.com) Gecko/20100101 Firefox/125.0
4	6	5	0	5	29423918	0	29423918	29416396	0	29416395	15655	Mozilla/5.0 (compatible; AhrefsBot/7.0; +http://ahrefs.com/robot/)
5	0	0	0	1	0	0	29421707	0	0	29421707	0	54.39.6.101
5	1	1	0	1	29390327	0	29390327	29390327	0	29390327	2524	66.249.77.162
5	1	1	0	0	29405670	0	0	29405670	0	0	2772	54.201.84.200
5	0	0	0	1	0	0	29390327	0	0	29390327	0	66.249.77.161
5	1	1	0	0	29390327	0	0	29390327	0	0	2524	66.249.77.160
5	1	0	0	1	29345069	0	29345069	29345069	0	29345069	3035	54.37.252.137
5	0	0	0	1	0	0	29378957	0	0	29378957	0	173.252.87.20
5	1	1	0	0	29413276	0	0	29413276	0	0	2772	34.186.91.147
5	2	2	0	0	29337007	0	0	29337007	0	0	5296	205.169.39.159
5	1	1	0	0	29325441	0	0	29325441	0	0	11754	34.171.190.80
5	0	0	0	1	0	0	29370362	0	0	29370362	0	173.252.87.16
5	3	3	0	1	29408332	0	29408332	29407328	0	29408332	7572	192.178.6.105
5	0	0	0	1	0	0	29380307	0	0	29380307	0	173.252.87.13
5	1	1	0	1	29360492	0	29360492	29360492	0	29360492	2772	146.247.229.2
5	0	0	0	1	0	0	29343976	0	0	29343976	0	213.180.203.76
5	1	0	0	0	29325943	0	0	29325943	0	0	314	17.246.15.123
5	0	0	0	1	0	0	29343976	0	0	29343976	0	213.180.203.67
5	1	1	0	0	29371458	0	0	29371458	0	0	2772	136.107.47.220
5	2	1	0	0	29325933	0	0	29325933	0	0	23578	17.241.75.33
5	1	1	0	0	29397401	0	0	29397401	0	0	2772	62.141.44.236
5	1	1	0	1	29375397	0	29375397	29375397	0	29375397	2772	34.14.92.97
5	1	1	0	0	29421620	0	0	29421620	0	0	2772	34.63.93.21
5	1	0	0	0	29411690	0	0	29411690	0	0	87	23.178.112.212
5	1	0	0	0	29323946	0	0	29323946	0	0	87	23.178.112.210
5	1	1	0	0	29369696	0	0	29369696	0	0	2772	34.140.179.124
5	1	1	0	0	29360207	0	0	29360207	0	0	2772	3.87.111.248
5	1	0	0	0	29323957	0	0	29323957	0	0	2300	161.123.234.173
5	2	1	0	0	29325962	0	0	29325962	0	0	599393	44.249.176.156
5	1	1	0	0	29326063	0	0	29326063	0	0	11789	34.217.74.54
5	1	0	0	0	29360582	0	0	29360582	0	0	3435	213.180.203.252
5	1	1	0	0	29328695	0	0	29328695	0	0	2524	186.211.228.49
5	1	1	0	1	29418590	0	29418590	29418590	0	29418590	2772	161.35.176.50
5	1	1	0	0	29370269	0	0	29370269	0	0	2524	207.46.13.127
5	1	1	0	1	29387838	0	29387838	29387838	0	29387838	2772	178.128.41.222
5	1	1	0	0	29402720	0	0	29402720	0	0	2772	180.153.236.36
5	1	1	0	0	29388253	0	0	29388253	0	0	11447	205.210.31.6
5	0	0	0	1	0	0	29360573	0	0	29360573	0	213.180.203.43
5	1	1	0	0	29389813	0	0	29389813	0	0	2772	136.118.187.184
5	1	1	0	0	29395956	0	0	29395956	0	0	2772	185.12.251.124
5	0	0	0	1	0	0	29418340	0	0	29418340	0	176.31.139.16
5	1	1	0	1	29416824	0	29416824	29416824	0	29416824	2772	178.62.198.138
5	1	1	0	0	29336460	0	0	29336460	0	0	2772	192.36.109.131
5	1	1	0	1	29416398	0	29416398	29416398	0	29416398	2524	51.68.107.159
5	0	0	0	1	0	0	29343976	0	0	29343976	0	87.250.224.237
5	0	0	0	1	0	0	29427155	0	0	29427155	0	213.180.203.228
5	1	0	0	0	29371657	0	0	29371657	0	0	3036	207.46.13.18
5	1	1	0	1	29413945	0	29413945	29413945	0	29413945	2524	51.68.107.154
5	1	1	0	0	29423918	0	0	29423918	0	0	2524	198.244.168.200
5	0	0	1	0	0	29348831	0	0	29348831	0	0	217.201.20.175
5	0	0	0	1	0	0	29427155	0	0	29427155	0	213.180.203.24
5	2	2	0	2	29422662	0	29422662	29406729	0	29406729	5048	51.68.107.148
5	0	0	0	1	0	0	29395956	0	0	29395956	0	80.248.225.154
5	0	0	0	1	0	0	29336460	0	0	29336460	0	192.36.109.117
5	1	1	0	0	29385789	0	0	29385789	0	0	2772	192.36.109.116
5	1	1	0	1	29347520	0	29347520	29347520	0	29347520	2772	143.198.53.32
5	2	1	0	0	29325961	0	0	29325961	0	0	599393	35.162.171.39
5	0	0	0	1	0	0	29348682	0	0	29348682	0	95.168.190.195
5	0	0	0	1	0	0	29398743	0	0	29398743	0	173.252.82.16
5	0	0	0	1	0	0	29378679	0	0	29378679	0	213.180.203.17
5	0	0	0	1	0	0	29361688	0	0	29361688	0	95.168.190.193
5	1	0	0	0	29325943	0	0	29325943	0	0	362	17.246.23.19
5	1	1	0	0	29389941	0	0	29389941	0	0	2772	35.204.187.156
5	1	1	0	0	29420069	0	0	29420069	0	0	2772	136.118.73.102
5	1	1	0	1	29383484	0	29383484	29383484	0	29383484	2524	51.68.107.139
5	0	0	0	1	0	0	29385789	0	0	29385789	0	192.36.109.108
5	1	1	0	1	29408341	0	29408341	29408341	0	29408341	2772	68.183.29.28
5	0	0	0	1	0	0	29343976	0	0	29343976	0	213.180.203.199
5	2	2	0	2	29419265	0	29419265	29410073	0	29410073	5048	51.68.107.137
5	0	0	0	1	0	0	29349099	0	0	29349099	0	66.220.149.42
5	0	0	0	1	0	0	29427156	0	0	29427156	0	213.180.203.195
5	1	1	0	0	29390689	0	0	29390689	0	0	2772	44.255.101.74
5	0	0	0	1	0	0	29343389	0	0	29343389	0	39.156.172.117
5	1	1	0	0	29378679	0	0	29378679	0	0	2772	5.255.231.84
5	0	0	0	1	0	0	29343976	0	0	29343976	0	87.250.224.202
5	2	2	0	0	29375506	0	0	29342226	0	0	5544	199.244.88.230
5	0	0	0	1	0	0	29427156	0	0	29427156	0	5.255.231.76
5	1	1	0	0	29417119	0	0	29417119	0	0	2772	199.244.88.223
5	1	1	0	0	29339914	0	0	29339914	0	0	2772	199.244.88.222
5	0	0	0	2	0	0	29402434	0	0	29369031	0	69.171.231.5
5	1	1	0	0	29341327	0	0	29341327	0	0	2772	199.244.88.221
5	0	0	0	1	0	0	29349099	0	0	29349099	0	66.220.149.22
5	1	1	0	2	29357047	0	29357047	29357047	0	29357047	2524	34.1.21.61
5	1	0	0	0	29325943	0	0	29325943	0	0	476	17.246.23.213
5	1	1	0	1	29393868	0	29393868	29393868	0	29393868	2772	159.65.151.6
5	2	2	0	0	29326078	0	0	29326078	0	0	23578	35.87.2.244
5	2	2	0	0	29325932	0	0	29325932	0	0	23578	104.154.106.197
5	1	0	0	0	29411690	0	0	29411690	0	0	87	47.129.197.240
5	2	2	0	0	29325932	0	0	29325932	0	0	23578	34.68.163.104
5	1	1	0	1	29372308	0	29372308	29372308	0	29372308	2772	157.245.15.120
5	0	0	0	1	0	0	29389556	0	0	29389556	0	138.197.2.200
5	0	0	0	1	0	0	29381648	0	0	29381648	0	173.252.70.113
5	1	1	0	1	29388429	0	29388429	29388429	0	29388429	2772	66.132.153.139
5	1	1	0	0	29362781	0	0	29362781	0	0	2772	34.212.34.154
5	4	4	0	0	29368936	0	0	29368827	0	0	5544	195.123.244.84
5	0	0	0	1	0	0	29427156	0	0	29427156	0	213.180.203.149
5	1	1	0	0	29418340	0	0	29418340	0	0	2524	37.59.204.130
5	0	0	0	1	0	0	29323957	0	0	29323957	0	209.242.212.46
5	0	0	0	1	0	0	29369102	0	0	29369102	0	146.190.54.218
5	1	1	0	0	29325937	0	0	29325937	0	0	11789	17.241.219.127
5	1	1	0	0	29376495	0	0	29376495	0	0	2772	44.234.24.246
5	1	0	0	0	29373481	0	0	29373481	0	0	3034	157.55.39.52
5	1	1	0	0	29371402	0	0	29371402	0	0	2772	35.196.3.202
5	1	1	0	0	29422555	0	0	29422555	0	0	2772	93.158.127.79
5	0	0	0	1	0	0	29377597	0	0	29377597	0	173.252.82.112
5	0	0	0	1	0	0	29343976	0	0	29343976	0	5.255.231.27
5	0	0	0	1	0	0	29343976	0	0	29343976	0	213.180.203.127
5	3	2	0	1	29390290	0	29390224	29390224	0	29390224	8980	136.243.155.105
5	1	0	0	0	29323957	0	0	29323957	0	0	1287	94.139.233.80
5	1	1	0	0	29372948	0	0	29372948	0	0	2524	47.115.90.194
5	0	0	0	1	0	0	29376603	0	0	29376603	0	213.180.203.122
5	7	2	0	2	29343272	0	29343272	29343271	0	29343272	21365	109.55.241.129
5	4	2	0	0	29326594	0	0	29326594	0	0	1198786	35.88.161.241
5	1	1	0	0	29360573	0	0	29360573	0	0	2772	95.108.213.153
5	3	3	0	2	29408407	0	29407328	29402743	0	29400059	5048	192.178.6.97
5	3	3	0	5	29408632	0	29407328	29403452	0	29401496	7572	192.178.6.96
5	0	0	0	1	0	0	29397383	0	0	29397383	0	69.63.184.112
5	3	3	0	6	29358929	0	29358929	29358928	0	29358928	7572	34.1.23.84
5	1	1	0	0	29369887	0	0	29369887	0	0	2772	34.150.199.16
5	1	1	0	0	29413628	0	0	29413628	0	0	2772	93.158.90.74
5	1	1	0	0	29342663	0	0	29342663	0	0	2772	93.158.90.73
5	0	0	0	1	0	0	29427156	0	0	29427156	0	213.180.203.106
5	0	0	0	1	0	0	29413628	0	0	29413628	0	93.158.90.69
5	1	0	0	0	29323957	0	0	29323957	0	0	366	209.242.214.88
5	1	0	0	0	29325943	0	0	29325943	0	0	305	17.246.19.69
5	1	1	0	0	29376603	0	0	29376603	0	0	2772	95.108.213.133
5	1	1	0	1	29334156	0	29334156	29334156	0	29334156	2772	35.195.163.226
5	0	0	0	1	0	0	29412398	0	0	29412398	0	192.34.57.244
5	0	0	0	1	0	0	29419472	0	0	29419472	0	173.252.87.6
5	2	1	0	0	29327600	0	0	29327600	0	0	11809	159.203.23.160
5	2	1	0	0	29326192	0	0	29326192	0	0	11789	138.197.166.32
5	1	1	0	0	29390436	0	0	29390436	0	0	2772	54.196.147.64
5	0	0	0	1	0	0	29420689	0	0	29420689	0	51.195.215.150
5	1	1	0	1	29413991	0	29413991	29413991	0	29413991	2772	104.236.105.155
5	0	0	0	1	0	0	29348841	0	0	29348841	0	198.235.24.232
5	1	1	0	0	29371426	0	0	29371426	0	0	2772	34.85.178.137
5	1	1	0	0	29390061	0	0	29390061	0	0	2772	34.14.47.134
5	0	0	0	1	0	0	29349099	0	0	29349099	0	69.171.230.2
5	0	0	0	1	0	0	29427156	0	0	29427156	0	95.108.213.117
5	1	0	0	0	29323946	0	0	29323946	0	0	87	44.251.238.80
5	1	0	0	0	29326120	0	0	29326120	0	0	11789	209.141.59.132
5	1	1	0	0	29409830	0	0	29409830	0	0	2772	178.211.57.76
5	1	0	0	1	29326032	0	29369607	29326032	0	29369607	11789	93.158.90.42
5	1	1	0	0	29421707	0	0	29421707	0	0	2524	198.244.240.166
5	1	1	0	0	29326120	0	0	29326120	0	0	11789	198.98.58.78
5	1	0	0	0	29325943	0	0	29325943	0	0	175	17.246.23.105
5	1	1	0	1	29369607	0	29346760	29369607	0	29346760	2772	93.158.90.36
5	5	1	0	0	29323960	0	0	29323960	0	0	5059	57.128.80.174
5	1	1	0	1	29388836	0	29388836	29388836	0	29388836	2524	46.105.46.43
5	1	0	0	0	29325940	0	0	29325940	0	0	476	17.241.219.67
5	1	1	0	0	29346760	0	0	29346760	0	0	2772	93.158.90.32
5	1	1	0	0	29325401	0	0	29325401	0	0	11754	136.114.119.130
5	1	1	0	0	29376494	0	0	29376494	0	0	2772	44.251.199.127
5	1	0	0	0	29323946	0	0	29323946	0	0	87	16.171.143.134
5	1	1	0	0	29367272	0	0	29367272	0	0	11447	198.235.24.203
5	1	0	0	0	29323957	0	0	29323957	0	0	411	209.242.212.255
5	1	1	0	0	29421779	0	0	29421779	0	0	2772	34.31.48.182
5	1	1	0	0	29360239	0	0	29360239	0	0	2772	44.248.156.125
5	1	1	0	0	29408109	0	0	29408109	0	0	2772	35.223.235.89
5	3	3	0	18	29422962	0	29422962	29422962	0	29422962	34341	34.171.32.202
5	1	0	0	0	29325940	0	0	29325940	0	0	733	17.241.227.70
5	1	1	0	0	29351428	0	0	29351428	0	0	11447	198.235.24.185
5	1	0	0	0	29332309	0	0	29332309	0	0	3036	191.220.241.169
5	1	1	0	0	29352102	0	0	29352102	0	0	2772	35.86.84.21
5	1	1	0	1	29425573	0	29425573	29425573	0	29425573	2524	51.68.236.94
5	0	0	0	1	0	0	29384451	0	0	29384451	0	17.22.253.239
5	0	0	0	1	0	0	29343976	0	0	29343976	0	87.250.224.3
5	1	1	0	1	29390028	0	29390028	29390028	0	29390028	2772	178.128.18.182
5	1	1	0	0	29330380	0	0	29330380	0	0	2772	54.149.186.242
5	1	1	1	0	29340047	29340048	0	29340047	29340048	0	6581	109.52.51.216
5	3	3	0	0	29339210	0	0	29339210	0	0	8316	34.31.53.31
5	1	0	0	0	29323946	0	0	29323946	0	0	87	3.150.124.96
5	1	1	0	1	29339221	0	29339221	29339221	0	29339221	2772	144.76.23.137
5	1	1	0	0	29416396	0	0	29416396	0	0	2524	142.44.220.235
5	1	0	0	0	29325940	0	0	29325940	0	0	305	17.241.227.182
5	0	0	0	1	0	0	29374281	0	0	29374281	0	119.13.106.68
5	1	1	0	1	29407653	0	29407653	29407653	0	29407653	2524	51.68.236.72
5	1	1	0	1	29371937	0	29371937	29371937	0	29371937	2524	51.68.236.71
5	1	1	0	0	29369863	0	0	29369863	0	0	2772	35.237.158.184
5	0	0	0	1	0	0	29343976	0	0	29343976	0	95.108.213.90
5	1	1	0	0	29376392	0	0	29376392	0	0	2772	106.15.180.35
5	1	1	0	1	29395028	0	29395028	29395028	0	29395028	2524	51.68.236.68
5	1	0	0	0	29325940	0	0	29325940	0	0	314	17.241.227.171
5	0	0	0	1	0	0	29379725	0	0	29379725	0	69.171.249.118
5	1	1	0	0	29412892	0	0	29412892	0	0	2772	35.185.200.187
5	0	0	0	1	0	0	29376251	0	0	29376251	0	69.171.249.117
5	1	0	0	0	29327972	0	0	29327972	0	0	56331	69.171.249.116
5	1	0	0	0	29327972	0	0	29327972	0	0	56331	69.171.249.115
5	0	0	0	1	0	0	29418141	0	0	29418141	0	69.171.249.114
5	1	1	0	1	29367988	0	29367988	29367988	0	29367988	2772	68.183.94.77
5	1	1	0	0	29379145	0	0	29379145	0	0	2772	44.250.155.191
5	1	0	0	0	29325940	0	0	29325940	0	0	362	17.241.227.27
5	2	2	0	0	29392637	0	0	29392637	0	0	22894	69.171.249.6
5	1	0	0	1	29327972	0	29379724	29327972	0	29379724	56331	69.171.249.5
5	1	0	0	0	29421157	0	0	29421157	0	0	3035	54.38.147.198
5	1	0	0	0	29327972	0	0	29327972	0	0	56331	69.171.249.1
5	1	0	0	0	29360590	0	0	29360590	0	0	3427	5.255.231.207
5	1	1	0	1	29398678	0	29398678	29398678	0	29398678	2772	159.65.201.30
5	1	1	0	1	29369384	0	29369384	29369384	0	29369384	2772	147.182.196.149
5	1	1	0	1	29337842	0	29337842	29337842	0	29337842	2772	64.227.164.241
5	1	1	0	0	29376251	0	0	29376251	0	0	11447	31.13.103.10
5	2	2	0	2	29383399	0	29383399	29381350	0	29381350	5544	203.83.11.133
5	1	1	0	1	29403783	0	29403783	29403783	0	29403783	2524	51.68.111.241
5	1	1	0	1	29401395	0	29401395	29401395	0	29401395	2524	51.68.111.238
5	0	0	0	1	0	0	29369369	0	0	29369369	0	198.235.24.110
5	1	1	0	1	29355148	0	29355148	29355148	0	29355148	2772	34.77.19.254
5	1	1	0	0	29368842	0	0	29368842	0	0	11447	91.231.89.123
5	1	1	0	1	29373590	0	29373590	29373590	0	29373590	2772	178.62.229.181
5	1	1	0	0	29413115	0	0	29413115	0	0	2772	35.231.75.138
5	0	0	0	1	0	0	29427155	0	0	29427155	0	5.255.231.166
5	0	0	0	1	0	0	29328892	0	0	29328892	0	170.150.221.98
5	1	0	0	0	29325940	0	0	29325940	0	0	587604	17.241.75.230
5	1	0	0	0	29411690	0	0	29411690	0	0	87	44.242.222.96
5	1	1	0	0	29351084	0	0	29351084	0	0	2772	34.46.230.16
5	1	1	0	0	29368842	0	0	29368842	0	0	11447	91.231.89.38
5	3	3	0	3	29419303	0	29419303	29366754	0	29366754	7572	51.68.111.218
5	2	2	0	2	29413028	0	29413028	29370618	0	29370618	5048	51.68.111.217
5	1	1	0	0	29368875	0	0	29368875	0	0	11447	91.231.89.35
5	2	2	0	2	29389778	0	29389778	29365786	0	29365786	5048	51.68.111.216
5	1	1	0	0	29368879	0	0	29368879	0	0	11447	91.231.89.34
5	2	2	0	0	29426455	0	0	29426381	0	0	2524	66.249.69.237
5	1	1	0	1	29424618	0	29424618	29424618	0	29424618	2524	51.68.111.214
5	1	1	0	1	29377180	0	29377180	29377180	0	29377180	2524	51.68.111.212
5	1	1	0	0	29371405	0	0	29371405	0	0	2772	34.82.193.167
5	3	3	0	3	29365478	0	29365478	29355307	0	29355307	7572	51.68.111.209
5	1	1	0	1	29398491	0	29398491	29398491	0	29398491	2524	51.68.111.199
5	1	1	0	1	29342420	0	29342420	29342420	0	29342420	2524	51.68.111.208
5	2	2	0	2	29341451	0	29341451	29336064	0	29336064	5048	51.68.111.207
5	1	1	0	1	29409066	0	29409066	29409066	0	29409066	2524	51.68.111.205
5	1	1	0	0	29375042	0	0	29375042	0	0	2772	18.236.133.21
5	1	1	0	1	29359538	0	29359538	29359538	0	29359538	2524	51.68.111.204
5	1	1	0	1	29344994	0	29344994	29344994	0	29344994	2524	51.68.111.203
5	0	0	0	2	0	0	29426381	0	0	29425980	0	66.249.69.225
5	1	1	0	1	29400416	0	29400416	29400416	0	29400416	2524	51.68.111.202
5	2	2	0	3	29426381	0	29426380	29426380	0	29423234	5048	66.249.69.224
5	8	6	0	3	29338661	0	29338661	29338656	0	29338656	41504	217.201.84.45
5	1	1	0	0	29373670	0	0	29373670	0	0	11447	198.235.24.80
5	5	1	0	0	29346166	0	0	29346165	0	0	9012	2.195.134.25
5	0	0	0	1	0	0	29427156	0	0	29427156	0	5.255.231.134
5	1	1	0	0	29425038	0	0	29425038	0	0	2772	54.166.230.223
5	1	1	0	10	29383757	0	29383757	29383757	0	29383757	2772	86.120.213.0
5	3	2	0	2	29422299	0	29422299	29422299	0	29422299	31261	135.181.72.179
5	0	0	0	1	0	0	29416395	0	0	29416395	0	54.39.210.175
5	1	1	0	1	29378024	0	29378024	29378024	0	29378024	2772	159.203.105.46
5	1	1	0	0	29341410	0	0	29341410	0	0	11447	205.210.31.166
5	1	0	0	0	29411690	0	0	29411690	0	0	87	16.171.37.42
5	1	1	0	0	29340329	0	0	29340329	0	0	11447	198.235.24.59
5	1	1	0	0	29355130	0	0	29355130	0	0	2772	205.169.39.29
5	1	1	0	0	29418560	0	0	29418560	0	0	2524	40.77.167.131
5	1	1	0	0	29355141	0	0	29355141	0	0	2772	205.169.39.24
5	1	1	0	0	29335657	0	0	29335657	0	0	2772	205.169.39.23
5	2	2	0	4	29354278	0	29354278	29354278	0	29354278	5048	34.1.28.157
5	3	3	0	0	29337618	0	0	29337618	0	0	8316	35.202.141.57
5	1	1	0	0	29420366	0	0	29420366	0	0	2772	205.169.39.19
5	0	0	0	5	0	0	29420105	0	0	29335423	0	66.249.75.134
5	1	1	0	0	29379440	0	0	29379440	0	0	11447	198.235.24.39
5	0	0	0	1	0	0	29369031	0	0	29369031	0	69.171.231.24
5	0	0	0	1	0	0	29343976	0	0	29343976	0	87.250.224.86
5	0	0	0	3	0	0	29421711	0	0	29339564	0	66.249.75.129
5	0	0	0	2	0	0	29342385	0	0	29341079	0	66.249.75.128
5	0	0	0	1	0	0	29369031	0	0	29369031	0	69.171.231.21
5	0	0	0	1	0	0	29423918	0	0	29423918	0	5.39.1.248
5	1	1	0	1	29358383	0	29358383	29358383	0	29358383	2772	198.211.106.101
5	1	1	0	0	29341296	0	0	29341296	0	0	2772	34.170.30.245
5	0	0	0	1	0	0	29402434	0	0	29402434	0	69.171.231.14
5	1	0	0	0	29325943	0	0	29325943	0	0	733	17.246.19.166
5	0	0	0	1	0	0	29427156	0	0	29427156	0	87.250.224.74
5	1	1	0	0	29326537	0	0	29326537	0	0	11789	34.74.85.2
5	0	0	0	1	0	0	29369031	0	0	29369031	0	69.171.231.10
5	1	1	0	1	29376251	0	29376252	29376251	0	29376252	11447	31.13.103.9
5	1	1	0	0	29418140	0	0	29418140	0	0	11447	31.13.103.8
5	1	1	0	0	29390689	0	0	29390689	0	0	2772	16.146.52.207
5	0	0	0	1	0	0	29418140	0	0	29418140	0	31.13.103.6
5	1	1	0	1	29353462	0	29353462	29353462	0	29353462	2772	188.166.166.49
5	1	1	0	1	29418140	0	29376252	29418140	0	29376252	11447	31.13.103.3
5	1	1	0	0	29380023	0	0	29380023	0	0	11447	198.235.24.13
5	1	1	0	0	29323957	0	0	29323957	0	0	695	89.19.43.91
5	1	1	0	0	29323980	0	0	29323980	0	0	695	205.169.39.8
5	1	1	0	0	29399045	0	0	29399045	0	0	2772	205.169.39.5
5	1	1	0	0	29394943	0	0	29394943	0	0	2772	103.249.34.166
5	1	1	0	0	29360239	0	0	29360239	0	0	2772	34.221.150.234
5	1	0	0	0	29326063	0	0	29326063	0	0	587604	34.219.4.74
5	0	0	0	1	0	0	29406030	0	0	29406030	0	74.7.241.171
5	0	0	0	1	0	0	29376251	0	0	29376251	0	31.13.127.113
5	1	0	0	0	29325942	0	0	29325942	0	0	587604	17.246.19.134
5	1	1	0	0	29340999	0	0	29340999	0	0	2772	34.121.10.244
5	1	1	0	1	29370769	0	29370769	29370769	0	29370769	2772	68.183.144.87
5	1	1	0	1	29328180	0	29328180	29328180	0	29328180	2696	137.184.167.47
5	1	1	0	0	29347581	0	0	29347581	0	0	11447	205.210.31.59
5	1	1	0	0	29367651	0	0	29367651	0	0	2772	54.149.187.138
5	0	0	0	1	0	0	29401429	0	0	29401429	0	173.252.70.25
5	1	1	0	0	29366035	0	0	29366035	0	0	2772	54.174.129.97
5	46	46	3	505	29372988	29372988	29372988	29372988	29372988	29372988	116104	47.107.44.228
5	0	0	0	1	0	0	29420805	0	0	29420805	0	173.252.70.17
5	1	1	0	1	29373630	0	29373630	29373630	0	29373630	2772	45.55.33.170
5	2	2	0	0	29393640	0	0	29393640	0	0	5544	52.25.152.244
5	1	1	0	0	29369737	0	0	29369737	0	0	11447	205.210.31.46
5	1	0	0	0	29411690	0	0	29411690	0	0	87	18.222.41.91
5	0	0	0	41	0	0	29426017	0	0	29329621	0	167.253.34.3
5	1	1	0	0	29420120	0	0	29420120	0	0	2772	35.233.164.237
5	1	1	0	0	29376356	0	0	29376356	0	0	2772	34.228.26.189
5	4	4	0	0	29325378	0	0	29325378	0	0	47016	54.244.198.242
5	0	0	0	2	0	0	29373480	0	0	29370269	0	40.77.167.93
5	1	1	0	0	29376392	0	0	29376392	0	0	2772	106.14.201.203
5	0	0	0	1	0	0	29418559	0	0	29418559	0	52.167.144.67
5	1	1	0	0	29338610	0	0	29338610	0	0	11447	205.210.31.22
5	0	0	0	1	0	0	29421012	0	0	29421012	0	157.245.121.143
5	1	1	0	0	29379145	0	0	29379145	0	0	2772	44.255.57.226
5	1	1	0	1	29356781	0	29355912	29356781	0	29355912	2524	66.249.71.171
5	0	0	0	1	0	0	29369541	0	0	29369541	0	74.7.230.23
5	0	0	0	1	0	0	29387649	0	0	29387649	0	66.249.71.169
5	1	1	0	0	29387649	0	0	29387649	0	0	2524	66.249.71.170
5	22	2	0	0	29325987	0	0	29325986	0	0	649020	51.159.14.95
5	1	1	0	0	29412919	0	0	29412919	0	0	2772	34.78.247.171
5	1	0	0	0	29325940	0	0	29325940	0	0	175	17.241.75.7
5	2	1	0	2	29366787	0	29366787	29366787	0	29366787	5560	34.0.157.23
5	1	1	0	0	29325932	0	0	29325932	0	0	11789	35.239.145.78
5	7	6	0	2	29380905	0	29380032	29326929	0	29365643	34938	66.249.77.75
5	3	3	0	0	29342451	0	0	29342451	0	0	8316	34.41.121.58
5	8	2	0	3	29367368	0	29380207	29326929	0	29356781	569587	66.249.77.74
5	1	1	0	0	29351621	0	0	29351621	0	0	11447	147.185.132.129
5	1	1	0	0	29425254	0	0	29425254	0	0	2772	54.188.88.91
5	12	2	0	3	29367403	0	29367403	29326929	0	29347149	8311	66.249.77.73
5	1	0	0	0	29323946	0	0	29323946	0	0	87	13.229.117.103
5	717	699	0	2	29411690	0	29324051	29323946	0	29324021	2791008	85.9.45.213
5	0	0	0	1	0	0	29370634	0	0	29370634	0	164.90.150.125
5	1	1	0	0	29371024	0	0	29371024	0	0	2772	35.237.89.31
5	1	1	0	0	29409830	0	0	29409830	0	0	11447	35.205.159.124
5	0	0	0	1	0	0	29349004	0	0	29349004	0	132.196.86.148
5	1	1	0	0	29420689	0	0	29420689	0	0	2524	198.244.183.85
5	1	1	0	0	29400554	0	0	29400554	0	0	2772	80.94.92.23
5	1	1	0	0	29326032	0	0	29326032	0	0	11789	93.158.91.35
5	1	1	0	0	29390041	0	0	29390041	0	0	2772	34.68.164.64
5	1	1	0	0	29366141	0	0	29366141	0	0	2772	44.255.95.55
5	1	1	0	0	29333536	0	0	29333536	0	0	2524	113.172.155.2
5	1	1	0	0	29369683	0	0	29369683	0	0	2772	34.79.86.58
5	0	0	0	1	0	0	29400087	0	0	29400087	0	173.252.87.40
5	0	0	0	1	0	0	29397383	0	0	29397383	0	69.63.184.43
5	1	1	0	2	29404668	0	29422555	29404668	0	29404668	2772	192.121.134.92
5	8	2	0	0	29323949	0	0	29323948	0	0	8077	205.169.39.178
5	1	1	0	0	29326474	0	0	29326474	0	0	11789	34.76.47.215
5	1	1	0	0	29360230	0	0	29360230	0	0	2772	46.228.199.158
5	0	0	0	1	0	0	29397383	0	0	29397383	0	69.63.184.36
z	0	11	6	29426455	0
z	2	35	0	29411690	2540
z	3	53	7	29338657	22348
z	4	875	854	29426381	2441459
z	5	163	151	29422962	2086777
z	6	9	0	29326929	5260876
c	200	1142	29426381
c	206	1	29327972
c	301	3	29372988
c	302	2	29348831
c	304	3	29426455
c	403	2	29324051
c	404	780	29427156
